   i |     r |     q |    dt |   t_pr |   n |   m |   N |   t_no |   t_obs |     t_ko | 
   1 | 0.000 | 0.548 | 0.000 |  0.000 |   0 |   0 |   1 |  0.000 | 0.10039 |  0.10039 | 
   2 | 0.938 | 0.214 | 0.001 |  0.001 |   1 |   0 |   2 |  0.001 | 0.25680 |  0.25758 | 
   3 | 0.989 | 0.160 | 0.000 |  0.001 |   2 |   0 |   3 |  0.001 | 0.30517 |  0.30608 | 
   4 | 0.764 | 0.441 | 0.003 |  0.004 |   3 |   0 |   4 |  0.004 | 0.13649 |  0.14069 | 
   5 | 0.078 | 0.013 | 0.031 |  0.035 |   4 |   0 |   5 |  0.035 | 0.72655 |  0.76192 | 
   6 | 0.321 | 0.759 | 0.014 |  0.049 |   5 |   0 |   6 |  0.049 | 0.04586 |  0.09509 | 
   7 | 0.753 | 0.994 | 0.003 |  0.053 |   6 |   0 |   7 |  0.053 | 0.00098 |  0.05368 | 
   8 | 0.838 | 0.105 | 0.002 |  0.055 |   6 |   0 |   7 |  0.055 | 0.37580 |  0.43065 | 
   9 | 0.931 | 0.822 | 0.001 |  0.056 |   7 |   0 |   8 |  0.056 | 0.03264 |  0.08836 | 
  10 | 0.971 | 0.798 | 0.000 |  0.056 |   8 |   0 |   8 |  0.088 | 0.03759 |  0.12595 | 
  11 | 0.777 | 0.954 | 0.003 |  0.059 |   8 |   1 |   6 |  0.095 | 0.00782 |  0.10291 | 
  12 | 0.414 | 0.413 | 0.011 |  0.070 |   8 |   2 |   1 |  0.100 | 0.14738 |  0.24777 | 
  13 | 0.724 | 0.401 | 0.004 |  0.074 |   8 |   3 |   6 |  0.103 | 0.15248 |  0.25539 | 
  14 | 0.413 | 0.053 | 0.011 |  0.085 |   8 |   4 |   8 |  0.126 | 0.48897 |  0.61492 | 
  15 | 0.426 | 0.639 | 0.010 |  0.095 |   8 |   4 |   4 |  0.141 | 0.07459 |  0.21528 | 
  16 | 0.723 | 0.854 | 0.004 |  0.099 |   8 |   4 |   4 |  0.215 | 0.02636 |  0.24165 | 
  17 | 0.698 | 0.793 | 0.004 |  0.103 |   8 |   3 |   4 |  0.242 | 0.03871 |  0.28036 | 
  18 | 0.574 | 0.813 | 0.007 |  0.110 |   8 |   4 |   1 |  0.248 | 0.03448 |  0.28225 | 
  19 | 0.011 | 0.948 | 0.055 |  0.165 |   8 |   3 |   6 |  0.255 | 0.00892 |  0.26432 | 
  20 | 0.717 | 0.252 | 0.004 |  0.169 |   8 |   4 |   2 |  0.258 | 0.22957 |  0.48715 | 
  21 | 0.388 | 0.946 | 0.012 |  0.180 |   8 |   5 |  __ |     __ |      __ |       __ | 
  22 | 0.209 | 0.452 | 0.019 |  0.199 |   8 |   5 |  __ |     __ |      __ |       __ | 
  23 | 0.361 | 0.692 | 0.012 |  0.212 |   8 |   5 |  __ |     __ |      __ |       __ | 
  24 | 0.614 | 0.567 | 0.006 |  0.218 |   8 |   4 |   6 |  0.264 | 0.09444 |  0.35876 | 
  25 | 0.239 | 0.003 | 0.017 |  0.235 |   8 |   5 |  __ |     __ |      __ |       __ | 
  26 | 0.693 | 0.721 | 0.004 |  0.240 |   8 |   5 |  __ |     __ |      __ |       __ | 
  27 | 0.315 | 0.413 | 0.014 |  0.254 |   8 |   3 |   4 |  0.280 | 0.14728 |  0.42764 | 
  28 | 0.646 | 0.930 | 0.005 |  0.259 |   8 |   2 |   1 |  0.282 | 0.01206 |  0.29432 | 
  29 | 0.576 | 0.025 | 0.007 |  0.266 |   8 |   2 |   1 |  0.294 | 0.61607 |  0.91039 | 
  30 | 0.622 | 0.693 | 0.006 |  0.272 |   8 |   3 |   3 |  0.306 | 0.06123 |  0.36731 | 
  31 | 0.704 | 0.431 | 0.004 |  0.276 |   8 |   4 |   6 |  0.359 | 0.14041 |  0.49917 | 
  32 | 0.559 | 0.977 | 0.007 |  0.283 |   8 |   3 |   3 |  0.367 | 0.00391 |  0.37122 | 
  33 | 0.138 | 0.684 | 0.024 |  0.307 |   8 |   2 |   3 |  0.371 | 0.06322 |  0.43444 | 
  34 | 0.131 | 0.009 | 0.025 |  0.332 |   8 |   3 |   4 |  0.428 | 0.77948 |  1.20712 | 
  35 | 0.311 | 0.820 | 0.014 |  0.346 |   8 |   4 |   7 |  0.431 | 0.03298 |  0.46363 | 
  36 | 0.366 | 0.443 | 0.012 |  0.358 |   8 |   5 |  __ |     __ |      __ |       __ | 
  37 | 0.358 | 0.262 | 0.013 |  0.371 |   8 |   3 |   3 |  0.434 | 0.22347 |  0.65791 | 
  38 | 0.342 | 0.399 | 0.013 |  0.384 |   8 |   3 |   7 |  0.464 | 0.15332 |  0.61695 | 
  39 | 0.306 | 0.314 | 0.014 |  0.399 |   8 |   4 |   2 |  0.487 | 0.19328 |  0.68043 | 
  40 | 0.248 | 0.103 | 0.017 |  0.416 |   8 |   5 |  __ |     __ |      __ |       __ | 
  41 | 0.917 | 0.288 | 0.001 |  0.417 |   8 |   5 |  __ |     __ |      __ |       __ | 
  42 | 0.508 | 0.641 | 0.008 |  0.425 |   8 |   5 |  __ |     __ |      __ |       __ | 
  43 | 0.236 | 0.852 | 0.018 |  0.442 |   8 |   2 |   6 |  0.499 | 0.02670 |  0.52587 | 
  44 | 0.355 | 0.794 | 0.013 |  0.455 |   8 |   3 |   6 |  0.526 | 0.03855 |  0.56441 | 
  45 | 0.119 | 0.663 | 0.026 |  0.481 |   8 |   3 |   6 |  0.564 | 0.06859 |  0.63300 | 
  46 | 0.587 | 0.809 | 0.006 |  0.488 |   8 |   3 |   8 |  0.615 | 0.03536 |  0.65028 | 
  47 | 0.834 | 0.779 | 0.002 |  0.490 |   8 |   4 |   7 |  0.617 | 0.04165 |  0.65860 | 
  48 | 0.086 | 0.169 | 0.030 |  0.520 |   8 |   4 |   6 |  0.633 | 0.29651 |  0.92951 | 
  49 | 0.411 | 0.220 | 0.011 |  0.531 |   8 |   4 |   8 |  0.650 | 0.25212 |  0.90240 | 
  50 | 0.952 | 0.022 | 0.001 |  0.531 |   8 |   5 |  __ |     __ |      __ |       __ | 
  51 | 0.952 | 0.278 | 0.001 |  0.532 |   8 |   5 |  __ |     __ |      __ |       __ | 
  52 | 0.222 | 0.814 | 0.018 |  0.550 |   8 |   5 |  __ |     __ |      __ |       __ | 
  53 | 0.781 | 0.399 | 0.003 |  0.553 |   8 |   5 |  __ |     __ |      __ |       __ | 
  54 | 0.147 | 0.984 | 0.023 |  0.576 |   8 |   4 |   3 |  0.658 | 0.00269 |  0.66060 | 
  55 | 0.454 | 0.137 | 0.010 |  0.586 |   8 |   5 |  __ |     __ |      __ |       __ | 
  56 | 0.059 | 0.630 | 0.035 |  0.621 |   8 |   3 |   7 |  0.659 | 0.07706 |  0.73566 | 
  57 | 0.646 | 0.199 | 0.005 |  0.626 |   8 |   4 |   3 |  0.661 | 0.26927 |  0.92987 | 
  58 | 0.627 | 0.558 | 0.006 |  0.632 |   8 |   5 |  __ |     __ |      __ |       __ | 
  59 | 0.180 | 0.967 | 0.021 |  0.653 |   8 |   3 |   2 |  0.680 | 0.00566 |  0.68609 | 
  60 | 0.896 | 0.285 | 0.001 |  0.654 |   8 |   4 |   2 |  0.686 | 0.20949 |  0.89558 | 
  61 | 0.267 | 0.081 | 0.016 |  0.670 |   8 |   2 |   7 |  0.736 | 0.41971 |  1.15537 | 
  62 | 0.661 | 0.843 | 0.005 |  0.675 |   8 |   3 |   5 |  0.762 | 0.02850 |  0.79042 | 
  63 | 0.864 | 0.563 | 0.002 |  0.677 |   8 |   4 |   5 |  0.790 | 0.09579 |  0.88621 | 
  64 | 0.101 | 0.437 | 0.028 |  0.705 |   8 |   3 |   5 |  0.886 | 0.13807 |  1.02427 | 
  65 | 0.011 | 0.244 | 0.055 |  0.759 |   8 |   3 |   2 |  0.896 | 0.23481 |  1.13039 | 
  66 | 0.101 | 0.417 | 0.028 |  0.787 |   8 |   3 |   8 |  0.902 | 0.14559 |  1.04799 | 
  67 | 0.824 | 0.523 | 0.002 |  0.790 |   8 |   4 |   1 |  0.910 | 0.10799 |  1.01838 | 
  68 | 0.724 | 0.521 | 0.004 |  0.794 |   8 |   4 |   6 |  0.930 | 0.10875 |  1.03826 | 
  69 | 0.038 | 0.557 | 0.040 |  0.833 |   8 |   5 |  __ |     __ |      __ |       __ | 
  70 | 0.313 | 0.577 | 0.014 |  0.847 |   8 |   5 |  __ |     __ |      __ |       __ | 
  71 | 0.212 | 0.716 | 0.019 |  0.866 |   8 |   5 |  __ |     __ |      __ |       __ | 
  72 | 0.993 | 0.591 | 0.000 |  0.866 |   8 |   5 |  __ |     __ |      __ |       __ | 
  73 | 0.124 | 0.711 | 0.026 |  0.892 |   8 |   4 |   3 |  0.930 | 0.05684 |  0.98670 | 
  74 | 0.095 | 0.919 | 0.029 |  0.921 |   8 |   2 |   3 |  0.987 | 0.01401 |  1.00072 | 
  75 | 0.683 | 0.184 | 0.005 |  0.925 |   8 |   3 |   3 |  1.001 | 0.28253 |  1.28324 | 
  76 | 0.677 | 0.894 | 0.005 |  0.930 |   8 |   2 |   1 |  1.018 | 0.01864 |  1.03703 | 
  77 | 0.424 | 0.659 | 0.010 |  0.941 |   8 |   3 |   5 |  1.024 | 0.06945 |  1.09372 | 
  78 | 0.364 | 0.077 | 0.012 |  0.953 |   8 |   4 |   1 |  1.037 | 0.42746 |  1.46449 | 
  79 | 0.729 | 0.750 | 0.004 |  0.957 |   8 |   5 |  __ |     __ |      __ |       __ | 
  80 | 0.030 | 0.818 | 0.043 |  1.000 |   8 |   4 |   6 |  1.038 | 0.03357 |  1.07183 | 
  81 | 0.699 | 0.373 | 0.004 |  1.004 |   8 |   4 |   8 |  1.048 | 0.16421 |  1.21220 | 
  82 | 0.229 | 0.373 | 0.018 |  1.022 |   8 |   4 |   6 |  1.072 | 0.16451 |  1.23634 | 
  83 | 0.775 | 0.175 | 0.003 |  1.025 |   8 |   4 |   5 |  1.094 | 0.29036 |  1.38408 | 
  84 | 0.153 | 0.865 | 0.023 |  1.048 |   8 |   3 |   2 |  1.130 | 0.02411 |  1.15451 | 
  85 | 0.407 | 0.557 | 0.011 |  1.059 |   8 |   3 |   2 |  1.155 | 0.09768 |  1.25219 | 
  86 | 0.267 | 0.244 | 0.016 |  1.075 |   8 |   3 |   7 |  1.155 | 0.23477 |  1.39014 | 
  87 | 0.778 | 0.198 | 0.003 |  1.078 |   8 |   4 |   4 |  1.207 | 0.26963 |  1.47675 | 
  88 | 0.196 | 0.741 | 0.020 |  1.098 |   8 |   4 |   8 |  1.212 | 0.04997 |  1.26217 | 
  89 | 0.413 | 0.385 | 0.011 |  1.109 |   8 |   5 |  __ |     __ |      __ |       __ | 
  90 | 0.220 | 0.178 | 0.018 |  1.127 |   8 |   5 |  __ |     __ |      __ |       __ | 
  91 | 0.456 | 0.247 | 0.010 |  1.137 |   8 |   4 |   6 |  1.236 | 0.23274 |  1.46909 | 
  92 | 0.713 | 0.547 | 0.004 |  1.141 |   8 |   5 |  __ |     __ |      __ |       __ | 
  93 | 0.104 | 0.359 | 0.028 |  1.168 |   8 |   3 |   2 |  1.252 | 0.17080 |  1.42299 | 
  94 | 0.738 | 0.135 | 0.004 |  1.172 |   8 |   4 |   8 |  1.262 | 0.33430 |  1.59647 | 
  95 | 0.002 | 0.874 | 0.076 |  1.248 |   8 |   2 |   3 |  1.283 | 0.02249 |  1.30573 | 
  96 | 0.050 | 0.505 | 0.036 |  1.285 |   8 |   0 |   3 |  1.306 | 0.11399 |  1.41972 | 
  97 | 0.115 | 0.589 | 0.026 |  1.311 |   8 |   0 |   5 |  1.384 | 0.08831 |  1.47239 | 
  98 | 0.423 | 0.586 | 0.010 |  1.321 |   8 |   1 |   7 |  1.390 | 0.08899 |  1.47913 | 
  99 | 0.408 | 0.181 | 0.011 |  1.332 |   8 |   2 |   3 |  1.420 | 0.28453 |  1.70426 | 
 100 | 0.774 | 0.289 | 0.003 |  1.335 |   8 |   3 |   2 |  1.423 | 0.20662 |  1.62960 | 
 101 | 0.400 | 0.090 | 0.011 |  1.347 |   8 |   4 |   1 |  1.464 | 0.40042 |  1.86491 | 
 102 | 0.559 | 0.712 | 0.007 |  1.354 |   8 |   5 |  __ |     __ |      __ |       __ | 
 103 | 0.447 | 0.956 | 0.010 |  1.364 |   8 |   5 |  __ |     __ |      __ |       __ | 
 104 | 0.301 | 0.146 | 0.015 |  1.378 |   8 |   5 |  __ |     __ |      __ |       __ | 
 105 | 0.335 | 0.488 | 0.013 |  1.392 |   8 |   3 |   6 |  1.469 | 0.11963 |  1.58871 | 
 106 | 0.989 | 0.364 | 0.000 |  1.392 |   8 |   4 |   5 |  1.472 | 0.16832 |  1.64071 | 
 107 | 0.743 | 0.440 | 0.004 |  1.395 |   8 |   5 |  __ |     __ |      __ |       __ | 
 108 | 0.585 | 0.066 | 0.007 |  1.402 |   8 |   5 |  __ |     __ |      __ |       __ | 
 109 | 0.121 | 0.918 | 0.026 |  1.428 |   8 |   3 |   4 |  1.477 | 0.01419 |  1.49094 | 
 110 | 0.366 | 0.827 | 0.012 |  1.440 |   8 |   4 |   7 |  1.479 | 0.03173 |  1.51086 | 
 111 | 0.932 | 0.778 | 0.001 |  1.441 |   8 |   5 |  __ |     __ |      __ |       __ | 
 112 | 0.566 | 0.152 | 0.007 |  1.448 |   8 |   5 |  __ |     __ |      __ |       __ | 
 113 | 0.738 | 0.650 | 0.004 |  1.451 |   8 |   5 |  __ |     __ |      __ |       __ | 
 114 | 0.208 | 0.851 | 0.019 |  1.470 |   8 |   3 |   4 |  1.491 | 0.02684 |  1.51778 | 
 115 | 0.001 | 0.781 | 0.085 |  1.555 |   6 |   0 |   4 |  1.555 | 0.04113 |  1.59655 | 
 116 | 0.377 | 0.934 | 0.012 |  1.567 |   7 |   0 |   7 |  1.567 | 0.01146 |  1.57876 | 
 117 | 0.714 | 0.416 | 0.004 |  1.571 |   8 |   0 |   7 |  1.579 | 0.14603 |  1.72480 | 
 118 | 0.324 | 0.294 | 0.014 |  1.585 |   8 |   0 |   6 |  1.589 | 0.20397 |  1.79268 | 
 119 | 0.248 | 0.445 | 0.017 |  1.602 |   6 |   0 |   4 |  1.602 | 0.13513 |  1.73731 | 
 120 | 0.859 | 0.186 | 0.002 |  1.604 |   7 |   0 |   8 |  1.604 | 0.28027 |  1.88429 | 
 121 | 0.729 | 0.182 | 0.004 |  1.608 |   8 |   0 |   2 |  1.630 | 0.28358 |  1.91319 | 
 122 | 0.535 | 0.975 | 0.008 |  1.615 |   8 |   1 |   5 |  1.641 | 0.00414 |  1.64485 | 
 123 | 0.851 | 0.823 | 0.002 |  1.617 |   8 |   2 |   5 |  1.645 | 0.03238 |  1.67724 | 
 124 | 0.454 | 0.525 | 0.010 |  1.627 |   8 |   3 |   5 |  1.677 | 0.10735 |  1.78459 | 
 125 | 0.354 | 0.152 | 0.013 |  1.640 |   8 |   3 |   3 |  1.704 | 0.31430 |  2.01856 | 
 126 | 0.426 | 0.962 | 0.010 |  1.650 |   8 |   2 |   7 |  1.725 | 0.00642 |  1.73122 | 
 127 | 0.543 | 0.756 | 0.007 |  1.658 |   8 |   3 |   7 |  1.731 | 0.04665 |  1.77787 | 
 128 | 0.225 | 0.382 | 0.018 |  1.676 |   8 |   4 |   4 |  1.737 | 0.16020 |  1.89751 | 
 129 | 0.635 | 0.631 | 0.006 |  1.681 |   8 |   4 |   7 |  1.778 | 0.07665 |  1.85452 | 
 130 | 0.454 | 0.327 | 0.010 |  1.691 |   8 |   5 |  __ |     __ |      __ |       __ | 
 131 | 0.658 | 0.578 | 0.005 |  1.696 |   8 |   5 |  __ |     __ |      __ |       __ | 
 132 | 0.257 | 0.297 | 0.017 |  1.713 |   8 |   4 |   5 |  1.785 | 0.20245 |  1.98704 | 
 133 | 0.524 | 0.238 | 0.008 |  1.721 |   8 |   5 |  __ |     __ |      __ |       __ | 
 134 | 0.404 | 0.036 | 0.011 |  1.732 |   8 |   3 |   6 |  1.793 | 0.55555 |  2.34823 | 
 135 | 0.410 | 0.787 | 0.011 |  1.742 |   8 |   3 |   7 |  1.855 | 0.03983 |  1.89435 | 
 136 | 0.414 | 0.553 | 0.011 |  1.753 |   8 |   4 |   1 |  1.865 | 0.09884 |  1.96375 | 
 137 | 0.194 | 0.758 | 0.020 |  1.773 |   8 |   5 |  __ |     __ |      __ |       __ | 
 138 | 0.611 | 0.612 | 0.006 |  1.779 |   8 |   4 |   8 |  1.884 | 0.08171 |  1.96600 | 
 139 | 0.150 | 0.705 | 0.023 |  1.802 |   8 |   3 |   7 |  1.894 | 0.05827 |  1.95263 | 
 140 | 0.433 | 0.311 | 0.010 |  1.813 |   8 |   4 |   4 |  1.898 | 0.19462 |  2.09213 | 
 141 | 0.257 | 0.379 | 0.017 |  1.829 |   8 |   5 |  __ |     __ |      __ |       __ | 
 142 | 0.344 | 0.663 | 0.013 |  1.842 |   8 |   5 |  __ |     __ |      __ |       __ | 
 143 | 0.560 | 0.367 | 0.007 |  1.849 |   8 |   5 |  __ |     __ |      __ |       __ | 
 144 | 0.708 | 0.043 | 0.004 |  1.853 |   8 |   5 |  __ |     __ |      __ |       __ | 
 145 | 0.811 | 0.166 | 0.003 |  1.856 |   8 |   4 |   2 |  1.913 | 0.29930 |  2.21249 | 
 146 | 0.836 | 0.459 | 0.002 |  1.858 |   8 |   5 |  __ |     __ |      __ |       __ | 
 147 | 0.168 | 0.912 | 0.022 |  1.880 |   8 |   4 |   7 |  1.953 | 0.01533 |  1.96796 | 
 148 | 0.744 | 0.922 | 0.004 |  1.883 |   8 |   5 |  __ |     __ |      __ |       __ | 
 149 | 0.439 | 0.539 | 0.010 |  1.894 |   8 |   4 |   1 |  1.964 | 0.10288 |  2.06663 | 
 150 | 0.504 | 0.159 | 0.008 |  1.902 |   8 |   3 |   8 |  1.966 | 0.30625 |  2.27225 | 
 151 | 0.794 | 0.348 | 0.003 |  1.905 |   8 |   4 |   7 |  1.968 | 0.17613 |  2.14409 | 
 152 | 0.464 | 0.750 | 0.009 |  1.914 |   8 |   4 |   5 |  1.987 | 0.04800 |  2.03504 | 
 153 | 0.783 | 0.627 | 0.003 |  1.917 |   8 |   5 |  __ |     __ |      __ |       __ | 
 154 | 0.619 | 0.919 | 0.006 |  1.923 |   8 |   5 |  __ |     __ |      __ |       __ | 
 155 | 0.072 | 0.058 | 0.032 |  1.955 |   8 |   4 |   3 |  2.019 | 0.47398 |  2.49254 | 
 156 | 0.035 | 0.591 | 0.041 |  1.996 |   8 |   1 |   5 |  2.035 | 0.08764 |  2.12269 | 
 157 | 0.290 | 0.893 | 0.015 |  2.011 |   8 |   2 |   1 |  2.067 | 0.01878 |  2.08541 | 
 158 | 0.300 | 0.637 | 0.015 |  2.026 |   8 |   2 |   1 |  2.085 | 0.07511 |  2.16052 | 
 159 | 0.683 | 0.052 | 0.005 |  2.030 |   8 |   3 |   4 |  2.092 | 0.49128 |  2.58341 | 
 160 | 0.765 | 0.732 | 0.003 |  2.034 |   8 |   4 |   5 |  2.123 | 0.05201 |  2.17470 | 
 161 | 0.943 | 0.300 | 0.001 |  2.034 |   8 |   5 |  __ |     __ |      __ |       __ | 
 162 | 0.918 | 0.494 | 0.001 |  2.035 |   8 |   4 |   7 |  2.144 | 0.11737 |  2.26146 | 
 163 | 0.934 | 0.327 | 0.001 |  2.036 |   8 |   5 |  __ |     __ |      __ |       __ | 
 164 | 0.795 | 0.602 | 0.003 |  2.039 |   8 |   5 |  __ |     __ |      __ |       __ | 
 165 | 0.710 | 0.983 | 0.004 |  2.043 |   8 |   5 |  __ |     __ |      __ |       __ | 
 166 | 0.172 | 0.426 | 0.021 |  2.065 |   8 |   5 |  __ |     __ |      __ |       __ | 
 167 | 0.135 | 0.964 | 0.024 |  2.089 |   8 |   3 |   1 |  2.161 | 0.00618 |  2.16670 | 
 168 | 0.931 | 0.596 | 0.001 |  2.090 |   8 |   4 |   1 |  2.167 | 0.08630 |  2.25300 | 
 169 | 0.653 | 0.485 | 0.005 |  2.095 |   8 |   4 |   5 |  2.175 | 0.12076 |  2.29546 | 
 170 | 0.496 | 0.228 | 0.009 |  2.104 |   8 |   5 |  __ |     __ |      __ |       __ | 
 171 | 0.111 | 0.871 | 0.027 |  2.131 |   8 |   4 |   2 |  2.212 | 0.02299 |  2.23548 | 
 172 | 0.594 | 0.220 | 0.006 |  2.137 |   8 |   5 |  __ |     __ |      __ |       __ | 
 173 | 0.941 | 0.970 | 0.001 |  2.138 |   8 |   5 |  __ |     __ |      __ |       __ | 
 174 | 0.225 | 0.192 | 0.018 |  2.156 |   8 |   4 |   2 |  2.235 | 0.27547 |  2.51096 | 
 175 | 0.924 | 0.020 | 0.001 |  2.157 |   8 |   5 |  __ |     __ |      __ |       __ | 
 176 | 0.465 | 0.820 | 0.009 |  2.166 |   8 |   4 |   1 |  2.253 | 0.03315 |  2.28615 | 
 177 | 0.977 | 0.491 | 0.000 |  2.166 |   8 |   5 |  __ |     __ |      __ |       __ | 
 178 | 0.936 | 0.545 | 0.001 |  2.167 |   8 |   4 |   7 |  2.261 | 0.10121 |  2.36267 | 
 179 | 0.174 | 0.939 | 0.021 |  2.189 |   8 |   4 |   8 |  2.272 | 0.01057 |  2.28282 | 
 180 | 0.630 | 0.441 | 0.006 |  2.194 |   8 |   5 |  __ |     __ |      __ |       __ | 
 181 | 0.115 | 0.518 | 0.026 |  2.221 |   8 |   4 |   8 |  2.283 | 0.10977 |  2.39259 | 
 182 | 0.043 | 0.122 | 0.038 |  2.259 |   8 |   3 |   1 |  2.286 | 0.35065 |  2.63680 | 
 183 | 0.321 | 0.654 | 0.014 |  2.273 |   8 |   2 |   5 |  2.295 | 0.07086 |  2.36631 | 
 184 | 0.855 | 0.781 | 0.002 |  2.275 |   8 |   3 |   6 |  2.348 | 0.04112 |  2.38935 | 
 185 | 0.804 | 0.151 | 0.003 |  2.277 |   8 |   4 |   7 |  2.363 | 0.31484 |  2.67751 | 
 186 | 0.227 | 0.444 | 0.018 |  2.296 |   8 |   2 |   5 |  2.366 | 0.13548 |  2.50179 | 
 187 | 0.175 | 0.336 | 0.021 |  2.317 |   8 |   3 |   6 |  2.389 | 0.18188 |  2.57122 | 
 188 | 0.666 | 0.260 | 0.005 |  2.322 |   8 |   4 |   8 |  2.393 | 0.22479 |  2.61739 | 
 189 | 0.178 | 0.032 | 0.021 |  2.343 |   8 |   5 |  __ |     __ |      __ |       __ | 
 190 | 0.066 | 0.059 | 0.033 |  2.376 |   8 |   2 |   3 |  2.493 | 0.47155 |  2.96409 | 
 191 | 0.158 | 0.197 | 0.022 |  2.398 |   8 |   1 |   5 |  2.502 | 0.27035 |  2.77214 | 
 192 | 0.492 | 0.088 | 0.009 |  2.407 |   8 |   2 |   2 |  2.511 | 0.40475 |  2.91571 | 
 193 | 0.566 | 0.611 | 0.007 |  2.414 |   8 |   3 |   6 |  2.571 | 0.08216 |  2.65338 | 
 194 | 0.989 | 0.296 | 0.000 |  2.414 |   8 |   4 |   4 |  2.583 | 0.20273 |  2.78614 | 
 195 | 0.859 | 0.974 | 0.002 |  2.416 |   8 |   5 |  __ |     __ |      __ |       __ | 
 196 | 0.455 | 0.175 | 0.010 |  2.426 |   8 |   5 |  __ |     __ |      __ |       __ | 
 197 | 0.622 | 0.587 | 0.006 |  2.431 |   8 |   5 |  __ |     __ |      __ |       __ | 
 198 | 0.813 | 0.645 | 0.003 |  2.434 |   8 |   5 |  __ |     __ |      __ |       __ | 
 199 | 0.001 | 0.761 | 0.080 |  2.514 |   8 |   2 |   8 |  2.617 | 0.04544 |  2.66283 | 
 200 | 0.994 | 0.061 | 0.000 |  2.514 |   8 |   3 |   1 |  2.637 | 0.46663 |  3.10343 | 
 201 | 0.437 | 0.150 | 0.010 |  2.524 |   8 |   4 |   6 |  2.653 | 0.31673 |  2.97011 | 
 202 | 0.507 | 0.612 | 0.008 |  2.532 |   8 |   5 |  __ |     __ |      __ |       __ | 
 203 | 0.833 | 0.680 | 0.002 |  2.534 |   8 |   5 |  __ |     __ |      __ |       __ | 
 204 | 0.238 | 0.618 | 0.017 |  2.552 |   8 |   5 |  __ |     __ |      __ |       __ | 
 205 | 0.838 | 0.818 | 0.002 |  2.554 |   8 |   5 |  __ |     __ |      __ |       __ | 
 206 | 0.933 | 0.514 | 0.001 |  2.555 |   8 |   5 |  __ |     __ |      __ |       __ | 
 207 | 0.950 | 0.743 | 0.001 |  2.556 |   8 |   5 |  __ |     __ |      __ |       __ | 
 208 | 0.850 | 0.553 | 0.002 |  2.558 |   8 |   5 |  __ |     __ |      __ |       __ | 
 209 | 0.481 | 0.942 | 0.009 |  2.566 |   8 |   5 |  __ |     __ |      __ |       __ | 
 210 | 0.841 | 0.290 | 0.002 |  2.569 |   8 |   5 |  __ |     __ |      __ |       __ | 
 211 | 0.514 | 0.232 | 0.008 |  2.577 |   8 |   4 |   8 |  2.663 | 0.24370 |  2.90653 | 
 212 | 0.605 | 0.171 | 0.006 |  2.583 |   8 |   5 |  __ |     __ |      __ |       __ | 
 213 | 0.642 | 0.529 | 0.005 |  2.588 |   8 |   4 |   7 |  2.678 | 0.10621 |  2.78372 | 
 214 | 0.884 | 0.978 | 0.001 |  2.590 |   8 |   5 |  __ |     __ |      __ |       __ | 
 215 | 0.249 | 0.891 | 0.017 |  2.607 |   8 |   5 |  __ |     __ |      __ |       __ | 
 216 | 0.728 | 0.377 | 0.004 |  2.611 |   8 |   5 |  __ |     __ |      __ |       __ | 
 217 | 0.191 | 0.190 | 0.020 |  2.631 |   8 |   4 |   5 |  2.772 | 0.27686 |  3.04900 | 
 218 | 0.297 | 0.211 | 0.015 |  2.646 |   8 |   4 |   7 |  2.784 | 0.25934 |  3.04305 | 
 219 | 0.817 | 0.465 | 0.002 |  2.648 |   8 |   5 |  __ |     __ |      __ |       __ | 
 220 | 0.016 | 0.937 | 0.050 |  2.698 |   8 |   2 |   4 |  2.786 | 0.01090 |  2.79703 | 
 221 | 0.710 | 0.737 | 0.004 |  2.703 |   8 |   3 |   4 |  2.797 | 0.05088 |  2.84791 | 
 222 | 0.098 | 0.774 | 0.028 |  2.731 |   8 |   4 |   4 |  2.848 | 0.04279 |  2.89070 | 
 223 | 0.102 | 0.002 | 0.028 |  2.759 |   8 |   5 |  __ |     __ |      __ |       __ | 
 224 | 0.508 | 0.014 | 0.008 |  2.767 |   8 |   5 |  __ |     __ |      __ |       __ | 
 225 | 0.498 | 0.820 | 0.009 |  2.776 |   8 |   4 |   4 |  2.891 | 0.03317 |  2.92388 | 
 226 | 0.792 | 0.953 | 0.003 |  2.778 |   8 |   5 |  __ |     __ |      __ |       __ | 
 227 | 0.922 | 0.648 | 0.001 |  2.779 |   8 |   5 |  __ |     __ |      __ |       __ | 
 228 | 0.604 | 0.787 | 0.006 |  2.786 |   8 |   4 |   8 |  2.907 | 0.03999 |  2.94652 | 
 229 | 0.730 | 0.491 | 0.004 |  2.789 |   8 |   4 |   2 |  2.916 | 0.11855 |  3.03426 | 
 230 | 0.226 | 0.406 | 0.018 |  2.808 |   8 |   4 |   4 |  2.924 | 0.15019 |  3.07407 | 
 231 | 0.100 | 0.367 | 0.028 |  2.836 |   8 |   5 |  __ |     __ |      __ |       __ | 
 232 | 0.037 | 0.267 | 0.040 |  2.876 |   8 |   4 |   8 |  2.947 | 0.21993 |  3.16645 | 
 233 | 0.890 | 0.830 | 0.001 |  2.877 |   8 |   5 |  __ |     __ |      __ |       __ | 
 234 | 0.622 | 0.168 | 0.006 |  2.883 |   8 |   5 |  __ |     __ |      __ |       __ | 
 235 | 0.477 | 0.247 | 0.009 |  2.892 |   8 |   4 |   3 |  2.964 | 0.23291 |  3.19700 | 
 236 | 0.799 | 0.388 | 0.003 |  2.895 |   8 |   5 |  __ |     __ |      __ |       __ | 
 237 | 0.851 | 0.142 | 0.002 |  2.897 |   8 |   5 |  __ |     __ |      __ |       __ | 
 238 | 0.395 | 0.082 | 0.011 |  2.908 |   8 |   4 |   6 |  2.970 | 0.41708 |  3.38719 | 
 239 | 0.487 | 0.538 | 0.009 |  2.917 |   8 |   4 |   2 |  3.034 | 0.10339 |  3.13765 | 
 240 | 0.125 | 0.111 | 0.025 |  2.942 |   8 |   4 |   7 |  3.043 | 0.36702 |  3.41007 | 
 241 | 0.712 | 0.165 | 0.004 |  2.946 |   8 |   5 |  __ |     __ |      __ |       __ | 
 242 | 0.885 | 0.116 | 0.001 |  2.948 |   8 |   4 |   5 |  3.049 | 0.35859 |  3.40759 | 
 243 | 0.776 | 0.837 | 0.003 |  2.951 |   8 |   5 |  __ |     __ |      __ |       __ | 
 244 | 0.152 | 0.427 | 0.023 |  2.974 |   8 |   3 |   4 |  3.074 | 0.14188 |  3.21595 | 
 245 | 0.732 | 0.565 | 0.004 |  2.978 |   8 |   4 |   1 |  3.103 | 0.09530 |  3.19873 | 
 246 | 0.453 | 0.013 | 0.010 |  2.987 |   8 |   5 |  __ |     __ |      __ |       __ | 
 247 | 0.497 | 0.459 | 0.009 |  2.996 |   8 |   5 |  __ |     __ |      __ |       __ | 
 248 | 0.048 | 0.009 | 0.037 |  3.033 |   8 |   5 |  __ |     __ |      __ |       __ | 
 249 | 0.798 | 0.824 | 0.003 |  3.036 |   8 |   4 |   2 |  3.138 | 0.03232 |  3.16997 | 
 250 | 0.508 | 0.481 | 0.008 |  3.044 |   8 |   4 |   8 |  3.166 | 0.12213 |  3.28858 | 
 251 | 0.757 | 0.535 | 0.003 |  3.047 |   8 |   5 |  __ |     __ |      __ |       __ | 
 252 | 0.626 | 0.649 | 0.006 |  3.053 |   8 |   4 |   2 |  3.170 | 0.07195 |  3.24192 | 
 253 | 0.105 | 0.029 | 0.028 |  3.081 |   8 |   4 |   3 |  3.197 | 0.58751 |  3.78451 | 
 254 | 0.221 | 0.229 | 0.018 |  3.099 |   8 |   5 |  __ |     __ |      __ |       __ | 
 255 | 0.368 | 0.857 | 0.012 |  3.111 |   8 |   4 |   1 |  3.199 | 0.02578 |  3.22451 | 
 256 | 0.795 | 0.962 | 0.003 |  3.114 |   8 |   5 |  __ |     __ |      __ |       __ | 
 257 | 0.458 | 0.225 | 0.010 |  3.124 |   8 |   5 |  __ |     __ |      __ |       __ | 
 258 | 0.025 | 0.894 | 0.045 |  3.169 |   8 |   3 |   4 |  3.216 | 0.01869 |  3.23464 | 
 259 | 0.232 | 0.679 | 0.018 |  3.186 |   8 |   3 |   1 |  3.225 | 0.06457 |  3.28908 | 
 260 | 0.414 | 0.394 | 0.011 |  3.197 |   8 |   3 |   4 |  3.235 | 0.15517 |  3.38981 | 
 261 | 0.445 | 0.864 | 0.010 |  3.207 |   8 |   3 |   2 |  3.242 | 0.02437 |  3.26629 | 
 262 | 0.743 | 0.754 | 0.004 |  3.211 |   8 |   4 |   2 |  3.266 | 0.04703 |  3.31332 | 
 263 | 0.357 | 0.101 | 0.013 |  3.223 |   8 |   4 |   8 |  3.289 | 0.38143 |  3.67000 | 
 264 | 0.677 | 0.603 | 0.005 |  3.228 |   8 |   4 |   1 |  3.289 | 0.08429 |  3.37336 | 
 265 | 0.009 | 0.519 | 0.057 |  3.285 |   8 |   2 |   2 |  3.313 | 0.10920 |  3.42252 | 
 266 | 0.958 | 0.299 | 0.001 |  3.286 |   8 |   3 |   1 |  3.373 | 0.20139 |  3.57476 | 
 267 | 0.389 | 0.710 | 0.012 |  3.297 |   8 |   2 |   6 |  3.387 | 0.05698 |  3.44417 | 
 268 | 0.431 | 0.827 | 0.010 |  3.307 |   8 |   3 |   4 |  3.390 | 0.03165 |  3.42147 | 
 269 | 0.135 | 0.219 | 0.024 |  3.332 |   8 |   3 |   5 |  3.408 | 0.25300 |  3.66059 | 
 270 | 0.464 | 0.327 | 0.009 |  3.341 |   8 |   4 |   7 |  3.410 | 0.18605 |  3.59612 | 
 271 | 0.903 | 0.409 | 0.001 |  3.342 |   8 |   5 |  __ |     __ |      __ |       __ | 
 272 | 0.551 | 0.888 | 0.007 |  3.350 |   8 |   5 |  __ |     __ |      __ |       __ | 
 273 | 0.552 | 0.486 | 0.007 |  3.357 |   8 |   5 |  __ |     __ |      __ |       __ | 
 274 | 0.163 | 0.914 | 0.022 |  3.379 |   8 |   4 |   4 |  3.421 | 0.01493 |  3.43640 | 
 275 | 0.155 | 0.897 | 0.023 |  3.402 |   8 |   3 |   2 |  3.423 | 0.01808 |  3.44060 | 
 276 | 0.986 | 0.574 | 0.000 |  3.402 |   8 |   4 |   4 |  3.436 | 0.09251 |  3.52891 | 
 277 | 0.828 | 0.179 | 0.002 |  3.404 |   8 |   5 |  __ |     __ |      __ |       __ | 
 278 | 0.162 | 0.431 | 0.022 |  3.427 |   8 |   1 |   2 |  3.441 | 0.14029 |  3.58089 | 
 279 | 0.994 | 0.451 | 0.000 |  3.427 |   8 |   2 |   6 |  3.444 | 0.13275 |  3.57692 | 
 280 | 0.135 | 0.401 | 0.024 |  3.451 |   8 |   0 |   4 |  3.529 | 0.15226 |  3.68117 | 
 281 | 0.519 | 0.544 | 0.008 |  3.459 |   8 |   1 |   1 |  3.575 | 0.10147 |  3.67623 | 
 282 | 0.341 | 0.350 | 0.013 |  3.472 |   8 |   2 |   6 |  3.577 | 0.17499 |  3.75191 | 
 283 | 0.350 | 0.786 | 0.013 |  3.485 |   8 |   3 |   2 |  3.581 | 0.04022 |  3.62111 | 
 284 | 0.228 | 0.411 | 0.018 |  3.503 |   8 |   4 |   7 |  3.596 | 0.14800 |  3.74412 | 
 285 | 0.737 | 0.282 | 0.004 |  3.507 |   8 |   5 |  __ |     __ |      __ |       __ | 
 286 | 0.138 | 0.148 | 0.024 |  3.531 |   8 |   4 |   2 |  3.621 | 0.31851 |  3.93962 | 
 287 | 0.400 | 0.742 | 0.011 |  3.542 |   8 |   5 |  __ |     __ |      __ |       __ | 
 288 | 0.136 | 0.549 | 0.024 |  3.566 |   8 |   5 |  __ |     __ |      __ |       __ | 
 289 | 0.948 | 0.438 | 0.001 |  3.567 |   8 |   5 |  __ |     __ |      __ |       __ | 
 290 | 0.888 | 0.820 | 0.001 |  3.568 |   8 |   5 |  __ |     __ |      __ |       __ | 
 291 | 0.029 | 0.175 | 0.043 |  3.612 |   8 |   1 |   5 |  3.661 | 0.29047 |  3.95106 | 
 292 | 0.895 | 0.843 | 0.001 |  3.613 |   8 |   2 |   8 |  3.670 | 0.02853 |  3.69854 | 
 293 | 0.616 | 0.036 | 0.006 |  3.619 |   8 |   3 |   1 |  3.676 | 0.55328 |  4.22951 | 
 294 | 0.041 | 0.573 | 0.039 |  3.658 |   8 |   3 |   4 |  3.681 | 0.09269 |  3.77386 | 
 295 | 0.313 | 0.803 | 0.014 |  3.672 |   8 |   2 |   8 |  3.699 | 0.03652 |  3.73506 | 
 296 | 0.887 | 0.162 | 0.001 |  3.674 |   8 |   3 |   8 |  3.735 | 0.30371 |  4.03877 | 
 297 | 0.780 | 0.014 | 0.003 |  3.677 |   8 |   3 |   7 |  3.744 | 0.71063 |  4.45475 | 
 298 | 0.963 | 0.595 | 0.000 |  3.677 |   8 |   4 |   6 |  3.752 | 0.08660 |  3.83851 | 
 299 | 0.636 | 0.826 | 0.006 |  3.683 |   8 |   4 |   4 |  3.774 | 0.03189 |  3.80575 | 
 300 | 0.935 | 0.711 | 0.001 |  3.683 |   8 |   5 |  __ |     __ |      __ |       __ | 
 301 | 0.348 | 0.722 | 0.013 |  3.696 |   8 |   5 |  __ |     __ |      __ |       __ | 
 302 | 0.283 | 0.937 | 0.015 |  3.712 |   8 |   4 |   3 |  3.785 | 0.01088 |  3.79538 | 
 303 | 0.965 | 0.361 | 0.000 |  3.712 |   8 |   5 |  __ |     __ |      __ |       __ | 
 304 | 0.891 | 0.919 | 0.001 |  3.714 |   8 |   5 |  __ |     __ |      __ |       __ | 
 305 | 0.377 | 0.788 | 0.012 |  3.726 |   8 |   5 |  __ |     __ |      __ |       __ | 
 306 | 0.046 | 0.351 | 0.038 |  3.763 |   8 |   2 |   3 |  3.795 | 0.17456 |  3.96994 | 
 307 | 0.807 | 0.423 | 0.003 |  3.766 |   8 |   3 |   4 |  3.806 | 0.14344 |  3.94919 | 
 308 | 0.906 | 0.390 | 0.001 |  3.767 |   8 |   4 |   6 |  3.839 | 0.15709 |  3.99560 | 
 309 | 0.017 | 0.701 | 0.050 |  3.817 |   8 |   1 |   2 |  3.940 | 0.05911 |  3.99873 | 
 310 | 0.783 | 0.838 | 0.003 |  3.820 |   8 |   2 |   4 |  3.949 | 0.02937 |  3.97856 | 
 311 | 0.643 | 0.170 | 0.005 |  3.825 |   8 |   3 |   5 |  3.951 | 0.29525 |  4.24631 | 
 312 | 0.058 | 0.838 | 0.035 |  3.860 |   8 |   3 |   3 |  3.970 | 0.02943 |  3.99937 | 
 313 | 0.096 | 0.726 | 0.029 |  3.889 |   8 |   4 |   4 |  3.979 | 0.05325 |  4.03181 | 
 314 | 0.099 | 0.083 | 0.028 |  3.917 |   8 |   5 |  __ |     __ |      __ |       __ | 
 315 | 0.696 | 0.452 | 0.004 |  3.921 |   8 |   5 |  __ |     __ |      __ |       __ | 
 316 | 0.573 | 0.029 | 0.007 |  3.928 |   8 |   5 |  __ |     __ |      __ |       __ | 
 317 | 0.338 | 0.612 | 0.013 |  3.941 |   8 |   4 |   6 |  3.996 | 0.08172 |  4.07732 | 
 318 | 0.554 | 0.747 | 0.007 |  3.949 |   8 |   5 |  __ |     __ |      __ |       __ | 
 319 | 0.174 | 0.702 | 0.021 |  3.970 |   8 |   3 |   2 |  3.999 | 0.05895 |  4.05769 | 
 320 | 0.773 | 0.716 | 0.003 |  3.973 |   8 |   3 |   3 |  3.999 | 0.05571 |  4.05508 | 
 321 | 0.116 | 0.006 | 0.026 |  3.999 |   8 |   1 |   4 |  4.032 | 0.84408 |  4.87589 | 
 322 | 0.247 | 0.462 | 0.017 |  4.016 |   8 |   1 |   8 |  4.039 | 0.12860 |  4.16738 | 
 323 | 0.269 | 0.662 | 0.016 |  4.032 |   8 |   1 |   3 |  4.055 | 0.06882 |  4.12389 | 
 324 | 0.774 | 0.236 | 0.003 |  4.036 |   8 |   2 |   2 |  4.058 | 0.24031 |  4.29800 | 
 325 | 0.433 | 0.584 | 0.010 |  4.046 |   8 |   2 |   6 |  4.077 | 0.08956 |  4.16689 | 
 326 | 0.794 | 0.451 | 0.003 |  4.049 |   8 |   3 |   3 |  4.124 | 0.13270 |  4.25659 | 
 327 | 0.008 | 0.593 | 0.059 |  4.107 |   8 |   1 |   6 |  4.167 | 0.08704 |  4.25393 | 
 328 | 0.668 | 0.842 | 0.005 |  4.112 |   8 |   2 |   8 |  4.167 | 0.02862 |  4.19600 | 
 329 | 0.066 | 0.704 | 0.033 |  4.145 |   8 |   2 |   8 |  4.196 | 0.05846 |  4.25446 | 
 330 | 0.587 | 0.891 | 0.006 |  4.152 |   8 |   3 |   1 |  4.230 | 0.01931 |  4.24881 | 
 331 | 0.473 | 0.235 | 0.009 |  4.161 |   8 |   4 |   5 |  4.246 | 0.24135 |  4.48765 | 
 332 | 0.761 | 0.636 | 0.003 |  4.164 |   8 |   5 |  __ |     __ |      __ |       __ | 
 333 | 0.981 | 0.041 | 0.000 |  4.165 |   8 |   5 |  __ |     __ |      __ |       __ | 
 334 | 0.440 | 0.969 | 0.010 |  4.175 |   8 |   3 |   1 |  4.249 | 0.00531 |  4.25412 | 
 335 | 0.342 | 0.603 | 0.013 |  4.188 |   8 |   4 |   6 |  4.254 | 0.08434 |  4.33826 | 
 336 | 0.095 | 0.759 | 0.029 |  4.216 |   8 |   4 |   1 |  4.254 | 0.04603 |  4.30016 | 
 337 | 0.131 | 0.671 | 0.025 |  4.241 |   8 |   4 |   8 |  4.254 | 0.06645 |  4.32091 | 
 338 | 0.583 | 0.064 | 0.007 |  4.248 |   8 |   4 |   3 |  4.257 | 0.45799 |  4.71459 | 
 339 | 0.566 | 0.494 | 0.007 |  4.255 |   8 |   1 |   2 |  4.298 | 0.11749 |  4.41549 | 
 340 | 0.505 | 0.124 | 0.008 |  4.263 |   8 |   1 |   1 |  4.300 | 0.34759 |  4.64775 | 
 341 | 0.185 | 0.057 | 0.021 |  4.284 |   8 |   2 |   8 |  4.321 | 0.47841 |  4.79932 | 
 342 | 0.236 | 0.737 | 0.018 |  4.301 |   8 |   1 |   6 |  4.338 | 0.05097 |  4.38924 | 
 343 | 0.134 | 0.342 | 0.025 |  4.326 |   8 |   1 |   6 |  4.389 | 0.17861 |  4.56784 | 
 344 | 0.959 | 0.395 | 0.001 |  4.326 |   8 |   2 |   2 |  4.415 | 0.15486 |  4.57035 | 
 345 | 0.502 | 0.843 | 0.008 |  4.335 |   8 |   3 |   7 |  4.455 | 0.02856 |  4.48331 | 
 346 | 0.888 | 0.279 | 0.001 |  4.336 |   8 |   4 |   7 |  4.483 | 0.21292 |  4.69623 | 
 347 | 0.325 | 0.128 | 0.014 |  4.350 |   8 |   4 |   5 |  4.488 | 0.34322 |  4.83088 | 
 348 | 0.139 | 0.885 | 0.024 |  4.374 |   8 |   5 |  __ |     __ |      __ |       __ | 
 349 | 0.363 | 0.520 | 0.012 |  4.386 |   8 |   5 |  __ |     __ |      __ |       __ | 
 350 | 0.398 | 0.733 | 0.011 |  4.397 |   8 |   4 |   6 |  4.568 | 0.05182 |  4.61966 | 
 351 | 0.521 | 0.315 | 0.008 |  4.405 |   8 |   5 |  __ |     __ |      __ |       __ | 
 352 | 0.605 | 0.702 | 0.006 |  4.412 |   8 |   5 |  __ |     __ |      __ |       __ | 
 353 | 0.438 | 0.625 | 0.010 |  4.422 |   8 |   4 |   2 |  4.570 | 0.07837 |  4.64872 | 
 354 | 0.448 | 0.394 | 0.010 |  4.431 |   8 |   5 |  __ |     __ |      __ |       __ | 
 355 | 0.090 | 0.060 | 0.029 |  4.461 |   8 |   4 |   6 |  4.620 | 0.46831 |  5.08797 | 
 356 | 0.794 | 0.208 | 0.003 |  4.464 |   8 |   5 |  __ |     __ |      __ |       __ | 
 357 | 0.524 | 0.933 | 0.008 |  4.471 |   8 |   5 |  __ |     __ |      __ |       __ | 
 358 | 0.679 | 0.855 | 0.005 |  4.476 |   8 |   5 |  __ |     __ |      __ |       __ | 
 359 | 0.239 | 0.515 | 0.017 |  4.494 |   8 |   3 |   1 |  4.648 | 0.11070 |  4.75844 | 
 360 | 0.250 | 0.806 | 0.017 |  4.511 |   8 |   4 |   2 |  4.649 | 0.03588 |  4.68460 | 
 361 | 0.487 | 0.484 | 0.009 |  4.519 |   8 |   5 |  __ |     __ |      __ |       __ | 
 362 | 0.888 | 0.843 | 0.001 |  4.521 |   8 |   5 |  __ |     __ |      __ |       __ | 
 363 | 0.894 | 0.104 | 0.001 |  4.522 |   8 |   5 |  __ |     __ |      __ |       __ | 
 364 | 0.090 | 0.359 | 0.029 |  4.551 |   8 |   5 |  __ |     __ |      __ |       __ | 
 365 | 0.379 | 0.761 | 0.012 |  4.563 |   8 |   5 |  __ |     __ |      __ |       __ | 
 366 | 0.705 | 0.646 | 0.004 |  4.568 |   8 |   5 |  __ |     __ |      __ |       __ | 
 367 | 0.299 | 0.479 | 0.015 |  4.582 |   8 |   3 |   2 |  4.685 | 0.12283 |  4.80743 | 
 368 | 0.395 | 0.112 | 0.011 |  4.594 |   8 |   4 |   7 |  4.696 | 0.36537 |  5.06160 | 
 369 | 0.867 | 0.846 | 0.002 |  4.595 |   8 |   5 |  __ |     __ |      __ |       __ | 
 370 | 0.825 | 0.622 | 0.002 |  4.598 |   8 |   5 |  __ |     __ |      __ |       __ | 
 371 | 0.579 | 0.312 | 0.007 |  4.604 |   8 |   5 |  __ |     __ |      __ |       __ | 
 372 | 0.361 | 0.710 | 0.012 |  4.617 |   8 |   5 |  __ |     __ |      __ |       __ | 
 373 | 0.204 | 0.154 | 0.019 |  4.636 |   8 |   4 |   3 |  4.715 | 0.31230 |  5.02689 | 
 374 | 0.344 | 0.652 | 0.013 |  4.649 |   8 |   3 |   1 |  4.758 | 0.07118 |  4.82963 | 
 375 | 0.917 | 0.734 | 0.001 |  4.650 |   8 |   4 |   8 |  4.799 | 0.05143 |  4.85075 | 
 376 | 0.923 | 0.013 | 0.001 |  4.651 |   8 |   5 |  __ |     __ |      __ |       __ | 
 377 | 0.458 | 0.271 | 0.010 |  4.661 |   8 |   5 |  __ |     __ |      __ |       __ | 
 378 | 0.001 | 0.467 | 0.089 |  4.749 |   8 |   2 |   2 |  4.807 | 0.12705 |  4.93448 | 
 379 | 0.878 | 0.881 | 0.002 |  4.751 |   8 |   3 |   1 |  4.830 | 0.02110 |  4.85073 | 
 380 | 0.164 | 0.423 | 0.022 |  4.773 |   8 |   3 |   5 |  4.831 | 0.14346 |  4.97434 | 
 381 | 0.366 | 0.250 | 0.012 |  4.785 |   8 |   4 |   1 |  4.851 | 0.23123 |  5.08195 | 
 382 | 0.854 | 0.913 | 0.002 |  4.787 |   8 |   5 |  __ |     __ |      __ |       __ | 
 383 | 0.809 | 0.298 | 0.003 |  4.790 |   8 |   5 |  __ |     __ |      __ |       __ | 
 384 | 0.119 | 0.663 | 0.026 |  4.816 |   8 |   3 |   8 |  4.851 | 0.06848 |  4.91922 | 
 385 | 0.311 | 0.485 | 0.014 |  4.830 |   8 |   3 |   4 |  4.876 | 0.12067 |  4.99656 | 
 386 | 0.750 | 0.373 | 0.004 |  4.833 |   8 |   3 |   8 |  4.919 | 0.16454 |  5.08377 | 
 387 | 0.909 | 0.109 | 0.001 |  4.834 |   8 |   4 |   2 |  4.934 | 0.37008 |  5.30456 | 
 388 | 0.015 | 0.983 | 0.051 |  4.885 |   8 |   2 |   5 |  4.974 | 0.00286 |  4.97720 | 
 389 | 0.590 | 0.957 | 0.006 |  4.892 |   8 |   3 |   5 |  4.977 | 0.00726 |  4.98446 | 
 390 | 0.372 | 0.665 | 0.012 |  4.904 |   8 |   4 |   5 |  4.984 | 0.06808 |  5.05254 | 
 391 | 0.297 | 0.814 | 0.015 |  4.919 |   8 |   5 |  __ |     __ |      __ |       __ | 
 392 | 0.878 | 0.678 | 0.002 |  4.920 |   8 |   4 |   4 |  4.997 | 0.06478 |  5.06134 | 
 393 | 0.236 | 0.711 | 0.018 |  4.938 |   8 |   4 |   3 |  5.027 | 0.05675 |  5.08364 | 
 394 | 0.737 | 0.393 | 0.004 |  4.942 |   8 |   5 |  __ |     __ |      __ |       __ | 
 395 | 0.743 | 0.812 | 0.004 |  4.945 |   8 |   5 |  __ |     __ |      __ |       __ | 
 396 | 0.244 | 0.289 | 0.017 |  4.963 |   8 |   5 |  __ |     __ |      __ |       __ | 
 397 | 0.342 | 0.871 | 0.013 |  4.976 |   8 |   4 |   5 |  5.053 | 0.02303 |  5.07556 | 
 398 | 0.412 | 0.809 | 0.011 |  4.986 |   8 |   3 |   4 |  5.061 | 0.03523 |  5.09657 | 
 399 | 0.711 | 0.262 | 0.004 |  4.991 |   8 |   4 |   7 |  5.062 | 0.22320 |  5.28480 | 
 400 | 0.996 | 0.104 | 0.000 |  4.991 |   8 |   5 |  __ |     __ |      __ |       __ | 
 401 | 0.725 | 0.002 | 0.004 |  4.995 |   7 |   5 |  __ |     __ |      __ |       __ | 
 402 | 0.823 | 0.444 | 0.002 |  4.997 |   7 |   4 |   5 |  5.076 | 0.13536 |  5.21093 | 
 403 | 0.697 | 0.626 | 0.004 |  5.001 |   7 |   5 |  __ |     __ |      __ |       __ | 
 404 | 0.776 | 0.453 | 0.003 |  5.004 |   7 |   5 |  __ |     __ |      __ |       __ | 
 405 | 0.163 | 0.648 | 0.022 |  5.027 |   7 |   5 |  __ |     __ |      __ |       __ | 
 406 | 0.068 | 0.114 | 0.033 |  5.059 |   7 |   3 |   1 |  5.082 | 0.36257 |  5.44452 | 
 407 | 0.288 | 0.752 | 0.015 |  5.075 |   7 |   2 |   3 |  5.084 | 0.04746 |  5.13110 | 
 408 | 0.350 | 0.270 | 0.013 |  5.087 |   7 |   0 |   6 |  5.088 | 0.21826 |  5.30623 | 
 409 | 0.916 | 0.501 | 0.001 |  5.088 |   7 |   0 |   4 |  5.097 | 0.11525 |  5.21182 | 
 410 | 0.938 | 0.779 | 0.001 |  5.089 |   7 |   1 |   3 |  5.131 | 0.04171 |  5.17280 | 
 411 | 0.400 | 0.695 | 0.011 |  5.100 |   7 |   1 |   3 |  5.173 | 0.06076 |  5.23356 | 
 412 | 0.024 | 0.327 | 0.045 |  5.146 |   7 |   1 |   5 |  5.211 | 0.18614 |  5.39707 | 
 413 | 0.746 | 0.390 | 0.004 |  5.149 |   7 |   2 |   4 |  5.212 | 0.15704 |  5.36886 | 
 414 | 0.886 | 0.087 | 0.001 |  5.151 |   7 |   3 |   3 |  5.234 | 0.40649 |  5.64005 | 
 415 | 0.207 | 0.749 | 0.019 |  5.170 |   7 |   4 |   7 |  5.285 | 0.04814 |  5.33294 | 
 416 | 0.804 | 0.725 | 0.003 |  5.173 |   7 |   5 |  __ |     __ |      __ |       __ | 
 417 | 0.872 | 0.848 | 0.002 |  5.174 |   7 |   4 |   2 |  5.305 | 0.02739 |  5.33195 | 
 418 | 0.792 | 0.185 | 0.003 |  5.177 |   7 |   5 |  __ |     __ |      __ |       __ | 
 419 | 0.223 | 0.974 | 0.018 |  5.195 |   7 |   5 |  __ |     __ |      __ |       __ | 
 420 | 0.186 | 0.029 | 0.020 |  5.216 |   7 |   3 |   6 |  5.306 | 0.58785 |  5.89409 | 
 421 | 0.610 | 0.930 | 0.006 |  5.222 |   7 |   4 |   2 |  5.332 | 0.01209 |  5.34404 | 
 422 | 0.453 | 0.909 | 0.010 |  5.232 |   7 |   5 |  __ |     __ |      __ |       __ | 
 423 | 0.900 | 0.737 | 0.001 |  5.233 |   7 |   5 |  __ |     __ |      __ |       __ | 
 424 | 0.456 | 0.080 | 0.010 |  5.242 |   7 |   4 |   7 |  5.333 | 0.42060 |  5.75353 | 
 425 | 0.465 | 0.050 | 0.009 |  5.252 |   7 |   5 |  __ |     __ |      __ |       __ | 
 426 | 0.661 | 0.642 | 0.005 |  5.257 |   7 |   5 |  __ |     __ |      __ |       __ | 
 427 | 0.589 | 0.489 | 0.006 |  5.263 |   7 |   5 |  __ |     __ |      __ |       __ | 
 428 | 0.628 | 0.163 | 0.006 |  5.269 |   7 |   5 |  __ |     __ |      __ |       __ | 
 429 | 0.912 | 0.163 | 0.001 |  5.270 |   7 |   5 |  __ |     __ |      __ |       __ | 
 430 | 0.837 | 0.826 | 0.002 |  5.272 |   7 |   5 |  __ |     __ |      __ |       __ | 
 431 | 0.039 | 0.050 | 0.040 |  5.312 |   7 |   2 |   2 |  5.344 | 0.49801 |  5.84204 | 
 432 | 0.113 | 0.702 | 0.027 |  5.338 |   7 |   1 |   4 |  5.369 | 0.05907 |  5.42793 | 
 433 | 0.400 | 0.191 | 0.011 |  5.350 |   7 |   1 |   5 |  5.397 | 0.27563 |  5.67270 | 
 434 | 0.371 | 0.415 | 0.012 |  5.362 |   7 |   2 |   4 |  5.428 | 0.14647 |  5.57440 | 
 435 | 0.196 | 0.074 | 0.020 |  5.382 |   7 |   2 |   1 |  5.445 | 0.43297 |  5.87750 | 
 436 | 0.862 | 0.445 | 0.002 |  5.383 |   7 |   3 |   4 |  5.574 | 0.13506 |  5.70946 | 
 437 | 0.326 | 0.402 | 0.014 |  5.397 |   7 |   3 |   3 |  5.640 | 0.15185 |  5.79190 | 
 438 | 0.825 | 0.353 | 0.002 |  5.399 |   7 |   4 |   5 |  5.673 | 0.17366 |  5.84636 | 
 439 | 0.169 | 0.858 | 0.022 |  5.421 |   7 |   5 |  __ |     __ |      __ |       __ | 
 440 | 0.917 | 0.262 | 0.001 |  5.422 |   7 |   5 |  __ |     __ |      __ |       __ | 
 441 | 0.021 | 0.723 | 0.047 |  5.469 |   7 |   3 |   4 |  5.709 | 0.05408 |  5.76355 | 
 442 | 0.400 | 0.112 | 0.011 |  5.480 |   7 |   4 |   7 |  5.754 | 0.36510 |  6.11863 | 
 443 | 0.133 | 0.434 | 0.025 |  5.505 |   7 |   5 |  __ |     __ |      __ |       __ | 
 444 | 0.069 | 0.725 | 0.033 |  5.538 |   7 |   5 |  __ |     __ |      __ |       __ | 
 445 | 0.032 | 0.590 | 0.042 |  5.580 |   7 |   4 |   4 |  5.764 | 0.08799 |  5.85153 | 
 446 | 0.728 | 0.990 | 0.004 |  5.584 |   7 |   5 |  __ |     __ |      __ |       __ | 
 447 | 0.883 | 0.174 | 0.002 |  5.585 |   7 |   5 |  __ |     __ |      __ |       __ | 
 448 | 0.851 | 0.599 | 0.002 |  5.587 |   7 |   5 |  __ |     __ |      __ |       __ | 
 449 | 0.716 | 0.192 | 0.004 |  5.591 |   7 |   5 |  __ |     __ |      __ |       __ | 
 450 | 0.627 | 0.392 | 0.006 |  5.597 |   7 |   5 |  __ |     __ |      __ |       __ | 
 451 | 0.191 | 0.663 | 0.020 |  5.617 |   7 |   5 |  __ |     __ |      __ |       __ | 
 452 | 0.215 | 0.085 | 0.019 |  5.636 |   7 |   5 |  __ |     __ |      __ |       __ | 
 453 | 0.644 | 0.708 | 0.005 |  5.641 |   7 |   4 |   3 |  5.792 | 0.05762 |  5.84953 | 
 454 | 0.881 | 0.386 | 0.002 |  5.643 |   7 |   5 |  __ |     __ |      __ |       __ | 
 455 | 0.566 | 0.529 | 0.007 |  5.650 |   7 |   5 |  __ |     __ |      __ |       __ | 
 456 | 0.779 | 0.815 | 0.003 |  5.653 |   7 |   5 |  __ |     __ |      __ |       __ | 
 457 | 0.259 | 0.703 | 0.016 |  5.669 |   7 |   5 |  __ |     __ |      __ |       __ | 
 458 | 0.915 | 0.334 | 0.001 |  5.670 |   7 |   5 |  __ |     __ |      __ |       __ | 
 459 | 0.854 | 0.821 | 0.002 |  5.672 |   7 |   5 |  __ |     __ |      __ |       __ | 
 460 | 0.925 | 0.588 | 0.001 |  5.673 |   7 |   4 |   2 |  5.842 | 0.08859 |  5.93064 | 
 461 | 0.103 | 0.577 | 0.028 |  5.701 |   7 |   5 |  __ |     __ |      __ |       __ | 
 462 | 0.504 | 0.775 | 0.008 |  5.709 |   7 |   5 |  __ |     __ |      __ |       __ | 
 463 | 0.647 | 0.537 | 0.005 |  5.714 |   7 |   4 |   5 |  5.846 | 0.10356 |  5.94992 | 
 464 | 0.057 | 0.868 | 0.035 |  5.749 |   7 |   5 |  __ |     __ |      __ |       __ | 
 465 | 0.386 | 0.963 | 0.012 |  5.761 |   7 |   4 |   3 |  5.850 | 0.00631 |  5.85584 | 
 466 | 0.708 | 0.556 | 0.004 |  5.765 |   7 |   4 |   4 |  5.852 | 0.09783 |  5.94936 | 
 467 | 0.286 | 0.712 | 0.015 |  5.780 |   7 |   5 |  __ |     __ |      __ |       __ | 
 468 | 0.732 | 0.975 | 0.004 |  5.784 |   7 |   5 |  __ |     __ |      __ |       __ | 
 469 | 0.284 | 0.063 | 0.015 |  5.800 |   7 |   4 |   3 |  5.856 | 0.46152 |  6.31737 | 
 470 | 0.155 | 0.781 | 0.023 |  5.822 |   7 |   5 |  __ |     __ |      __ |       __ | 
 471 | 0.126 | 0.351 | 0.025 |  5.848 |   7 |   3 |   1 |  5.877 | 0.17447 |  6.05197 | 
 472 | 0.115 | 0.677 | 0.026 |  5.874 |   7 |   1 |   6 |  5.894 | 0.06508 |  5.95916 | 
 473 | 0.917 | 0.962 | 0.001 |  5.875 |   7 |   2 |   2 |  5.931 | 0.00643 |  5.93707 | 
 474 | 0.085 | 0.631 | 0.030 |  5.905 |   7 |   1 |   2 |  5.937 | 0.07678 |  6.01385 | 
 475 | 0.230 | 0.220 | 0.018 |  5.923 |   7 |   2 |   4 |  5.949 | 0.25216 |  6.20152 | 
 476 | 0.333 | 0.669 | 0.013 |  5.936 |   7 |   2 |   5 |  5.950 | 0.06695 |  6.01687 | 
 477 | 0.570 | 0.542 | 0.007 |  5.943 |   7 |   2 |   6 |  5.959 | 0.10211 |  6.06127 | 
 478 | 0.586 | 0.134 | 0.007 |  5.950 |   7 |   2 |   2 |  6.014 | 0.33460 |  6.34845 | 
 479 | 0.003 | 0.075 | 0.070 |  6.020 |   6 |   0 |   5 |  6.020 | 0.43188 |  6.45142 | 
 480 | 0.641 | 0.901 | 0.005 |  6.025 |   7 |   0 |   1 |  6.052 | 0.01742 |  6.06939 | 
 481 | 0.173 | 0.578 | 0.021 |  6.046 |   7 |   1 |   6 |  6.061 | 0.09151 |  6.15278 | 
 482 | 0.203 | 0.660 | 0.019 |  6.066 |   7 |   0 |   1 |  6.069 | 0.06915 |  6.13854 | 
 483 | 0.623 | 0.307 | 0.006 |  6.072 |   7 |   0 |   7 |  6.119 | 0.19669 |  6.31532 | 
 484 | 0.167 | 0.976 | 0.022 |  6.093 |   7 |   1 |   1 |  6.139 | 0.00411 |  6.14265 | 
 485 | 0.969 | 0.514 | 0.000 |  6.094 |   7 |   2 |   1 |  6.143 | 0.11086 |  6.25350 | 
 486 | 0.051 | 0.192 | 0.036 |  6.130 |   7 |   2 |   6 |  6.153 | 0.27473 |  6.42751 | 
 487 | 0.387 | 0.562 | 0.012 |  6.142 |   7 |   2 |   4 |  6.202 | 0.09597 |  6.29749 | 
 488 | 0.912 | 0.779 | 0.001 |  6.143 |   7 |   2 |   1 |  6.254 | 0.04164 |  6.29515 | 
 489 | 0.793 | 0.180 | 0.003 |  6.146 |   7 |   3 |   1 |  6.295 | 0.28566 |  6.58081 | 
 490 | 0.794 | 0.920 | 0.003 |  6.148 |   7 |   4 |   4 |  6.297 | 0.01386 |  6.31135 | 
 491 | 0.742 | 0.364 | 0.004 |  6.152 |   7 |   5 |  __ |     __ |      __ |       __ | 
 492 | 0.003 | 0.426 | 0.071 |  6.223 |   7 |   3 |   4 |  6.311 | 0.14231 |  6.45366 | 
 493 | 0.317 | 0.039 | 0.014 |  6.237 |   7 |   4 |   7 |  6.315 | 0.53874 |  6.85407 | 
 494 | 0.316 | 0.741 | 0.014 |  6.251 |   7 |   5 |  __ |     __ |      __ |       __ | 
 495 | 0.678 | 0.021 | 0.005 |  6.256 |   7 |   4 |   3 |  6.317 | 0.64414 |  6.96151 | 
 496 | 0.507 | 0.569 | 0.008 |  6.264 |   7 |   5 |  __ |     __ |      __ |       __ | 
 497 | 0.978 | 0.856 | 0.000 |  6.264 |   7 |   5 |  __ |     __ |      __ |       __ | 
 498 | 0.863 | 0.683 | 0.002 |  6.266 |   7 |   5 |  __ |     __ |      __ |       __ | 
 499 | 0.686 | 0.106 | 0.005 |  6.271 |   7 |   5 |  __ |     __ |      __ |       __ | 
 500 | 0.499 | 0.467 | 0.008 |  6.279 |   7 |   5 |  __ |     __ |      __ |       __ | 
 501 | 0.270 | 0.101 | 0.016 |  6.295 |   7 |   4 |   2 |  6.348 | 0.38263 |  6.73108 | 
 502 | 0.817 | 0.042 | 0.002 |  6.298 |   7 |   4 |   6 |  6.428 | 0.52971 |  6.95722 | 
 503 | 0.756 | 0.980 | 0.003 |  6.301 |   7 |   5 |  __ |     __ |      __ |       __ | 
 504 | 0.516 | 0.371 | 0.008 |  6.309 |   7 |   5 |  __ |     __ |      __ |       __ | 
 505 | 0.252 | 0.785 | 0.017 |  6.326 |   7 |   2 |   5 |  6.451 | 0.04035 |  6.49178 | 
 506 | 0.692 | 0.433 | 0.004 |  6.331 |   7 |   3 |   4 |  6.454 | 0.13940 |  6.59306 | 
 507 | 0.804 | 0.825 | 0.003 |  6.333 |   7 |   4 |   5 |  6.492 | 0.03202 |  6.52380 | 
 508 | 0.180 | 0.405 | 0.021 |  6.354 |   7 |   4 |   5 |  6.524 | 0.15082 |  6.67462 | 
 509 | 0.820 | 0.563 | 0.002 |  6.357 |   7 |   5 |  __ |     __ |      __ |       __ | 
 510 | 0.402 | 0.736 | 0.011 |  6.368 |   7 |   5 |  __ |     __ |      __ |       __ | 
 511 | 0.262 | 0.957 | 0.016 |  6.384 |   7 |   5 |  __ |     __ |      __ |       __ | 
 512 | 0.232 | 0.242 | 0.018 |  6.402 |   7 |   5 |  __ |     __ |      __ |       __ | 
 513 | 0.191 | 0.341 | 0.020 |  6.422 |   7 |   5 |  __ |     __ |      __ |       __ | 
 514 | 0.029 | 0.377 | 0.043 |  6.465 |   7 |   2 |   1 |  6.581 | 0.16275 |  6.74355 | 
 515 | 0.624 | 0.034 | 0.006 |  6.471 |   7 |   3 |   4 |  6.593 | 0.56403 |  7.15709 | 
 516 | 0.281 | 0.313 | 0.015 |  6.486 |   7 |   4 |   5 |  6.675 | 0.19345 |  6.86806 | 
 517 | 0.291 | 0.048 | 0.015 |  6.501 |   7 |   4 |   2 |  6.731 | 0.50544 |  7.23652 | 
 518 | 0.270 | 0.483 | 0.016 |  6.517 |   7 |   5 |  __ |     __ |      __ |       __ | 
 519 | 0.160 | 0.292 | 0.022 |  6.540 |   7 |   4 |   1 |  6.744 | 0.20532 |  6.94888 | 
 520 | 0.267 | 0.646 | 0.016 |  6.556 |   7 |   5 |  __ |     __ |      __ |       __ | 
 521 | 0.709 | 0.416 | 0.004 |  6.560 |   7 |   5 |  __ |     __ |      __ |       __ | 
 522 | 0.776 | 0.287 | 0.003 |  6.563 |   7 |   5 |  __ |     __ |      __ |       __ | 
 523 | 0.462 | 0.761 | 0.009 |  6.573 |   7 |   5 |  __ |     __ |      __ |       __ | 
 524 | 0.291 | 0.713 | 0.015 |  6.588 |   7 |   4 |   7 |  6.854 | 0.05645 |  6.91052 | 
 525 | 0.421 | 0.084 | 0.011 |  6.598 |   7 |   4 |   5 |  6.868 | 0.41279 |  7.28085 | 
 526 | 0.221 | 0.498 | 0.018 |  6.617 |   7 |   5 |  __ |     __ |      __ |       __ | 
 527 | 0.386 | 0.603 | 0.012 |  6.628 |   7 |   5 |  __ |     __ |      __ |       __ | 
 528 | 0.816 | 0.769 | 0.002 |  6.631 |   7 |   5 |  __ |     __ |      __ |       __ | 
 529 | 0.270 | 0.965 | 0.016 |  6.647 |   7 |   5 |  __ |     __ |      __ |       __ | 
 530 | 0.394 | 0.283 | 0.011 |  6.658 |   7 |   5 |  __ |     __ |      __ |       __ | 
 531 | 0.546 | 0.523 | 0.007 |  6.665 |   7 |   5 |  __ |     __ |      __ |       __ | 
 532 | 0.720 | 0.309 | 0.004 |  6.669 |   7 |   5 |  __ |     __ |      __ |       __ | 
 533 | 0.317 | 0.770 | 0.014 |  6.683 |   7 |   4 |   7 |  6.911 | 0.04347 |  6.95398 | 
 534 | 0.566 | 0.957 | 0.007 |  6.690 |   7 |   5 |  __ |     __ |      __ |       __ | 
 535 | 0.304 | 0.999 | 0.015 |  6.705 |   7 |   5 |  __ |     __ |      __ |       __ | 
 536 | 0.260 | 0.893 | 0.016 |  6.721 |   7 |   5 |  __ |     __ |      __ |       __ | 
 537 | 0.340 | 0.758 | 0.013 |  6.735 |   7 |   4 |   1 |  6.949 | 0.04623 |  6.99511 | 
 538 | 0.079 | 0.617 | 0.031 |  6.766 |   7 |   4 |   7 |  6.954 | 0.08055 |  7.03453 | 
 539 | 0.528 | 0.581 | 0.008 |  6.773 |   7 |   5 |  __ |     __ |      __ |       __ | 
 540 | 0.028 | 0.594 | 0.044 |  6.817 |   7 |   5 |  __ |     __ |      __ |       __ | 
 541 | 0.011 | 0.532 | 0.055 |  6.872 |   7 |   3 |   6 |  6.957 | 0.10514 |  7.06236 | 
 542 | 0.706 | 0.907 | 0.004 |  6.877 |   7 |   4 |   3 |  6.962 | 0.01619 |  6.97770 | 
 543 | 0.747 | 0.324 | 0.004 |  6.880 |   7 |   5 |  __ |     __ |      __ |       __ | 
 544 | 0.020 | 0.490 | 0.048 |  6.928 |   7 |   4 |   3 |  6.978 | 0.11878 |  7.09648 | 
 545 | 0.731 | 0.719 | 0.004 |  6.932 |   7 |   5 |  __ |     __ |      __ |       __ | 
 546 | 0.621 | 0.150 | 0.006 |  6.938 |   7 |   5 |  __ |     __ |      __ |       __ | 
 547 | 0.768 | 0.972 | 0.003 |  6.941 |   7 |   5 |  __ |     __ |      __ |       __ | 
 548 | 0.171 | 0.088 | 0.022 |  6.962 |   7 |   1 |   1 |  6.995 | 0.40545 |  7.40056 | 
 549 | 0.058 | 0.132 | 0.035 |  6.997 |   7 |   0 |   7 |  7.035 | 0.33781 |  7.37234 | 
 550 | 0.404 | 0.230 | 0.011 |  7.008 |   7 |   1 |   6 |  7.062 | 0.24520 |  7.30756 | 
 551 | 0.876 | 0.587 | 0.002 |  7.010 |   7 |   2 |   3 |  7.096 | 0.08882 |  7.18529 | 
 552 | 0.976 | 0.429 | 0.000 |  7.010 |   7 |   3 |   4 |  7.157 | 0.14112 |  7.29821 | 
 553 | 0.348 | 0.343 | 0.013 |  7.023 |   7 |   4 |   3 |  7.185 | 0.17834 |  7.36363 | 
 554 | 0.339 | 0.312 | 0.013 |  7.036 |   7 |   4 |   2 |  7.237 | 0.19436 |  7.43088 | 
 555 | 0.779 | 0.368 | 0.003 |  7.039 |   7 |   5 |  __ |     __ |      __ |       __ | 
 556 | 0.923 | 0.593 | 0.001 |  7.040 |   7 |   5 |  __ |     __ |      __ |       __ | 
 557 | 0.088 | 0.898 | 0.030 |  7.070 |   7 |   4 |   5 |  7.281 | 0.01791 |  7.29876 | 
 558 | 0.863 | 0.274 | 0.002 |  7.072 |   7 |   5 |  __ |     __ |      __ |       __ | 
 559 | 0.895 | 0.661 | 0.001 |  7.073 |   7 |   5 |  __ |     __ |      __ |       __ | 
 560 | 0.882 | 0.567 | 0.002 |  7.074 |   7 |   5 |  __ |     __ |      __ |       __ | 
 561 | 0.157 | 0.320 | 0.023 |  7.097 |   7 |   4 |   4 |  7.298 | 0.18985 |  7.48806 | 
 562 | 0.935 | 0.602 | 0.001 |  7.098 |   7 |   5 |  __ |     __ |      __ |       __ | 
 563 | 0.410 | 0.803 | 0.011 |  7.109 |   7 |   5 |  __ |     __ |      __ |       __ | 
 564 | 0.815 | 0.694 | 0.002 |  7.111 |   7 |   5 |  __ |     __ |      __ |       __ | 
 565 | 0.164 | 0.130 | 0.022 |  7.133 |   7 |   5 |  __ |     __ |      __ |       __ | 
 566 | 0.916 | 0.054 | 0.001 |  7.134 |   7 |   5 |  __ |     __ |      __ |       __ | 
 567 | 0.349 | 0.339 | 0.013 |  7.147 |   7 |   5 |  __ |     __ |      __ |       __ | 
 568 | 0.683 | 0.168 | 0.005 |  7.152 |   7 |   5 |  __ |     __ |      __ |       __ | 
 569 | 0.796 | 0.447 | 0.003 |  7.155 |   7 |   5 |  __ |     __ |      __ |       __ | 
 570 | 0.472 | 0.721 | 0.009 |  7.164 |   7 |   4 |   5 |  7.299 | 0.05449 |  7.35325 | 
 571 | 0.765 | 0.073 | 0.003 |  7.167 |   7 |   5 |  __ |     __ |      __ |       __ | 
 572 | 0.926 | 0.247 | 0.001 |  7.168 |   7 |   5 |  __ |     __ |      __ |       __ | 
 573 | 0.347 | 0.176 | 0.013 |  7.181 |   7 |   5 |  __ |     __ |      __ |       __ | 
 574 | 0.837 | 0.482 | 0.002 |  7.183 |   7 |   5 |  __ |     __ |      __ |       __ | 
 575 | 0.718 | 0.679 | 0.004 |  7.187 |   7 |   4 |   6 |  7.308 | 0.06445 |  7.37200 | 
 576 | 0.116 | 0.690 | 0.026 |  7.213 |   7 |   5 |  __ |     __ |      __ |       __ | 
 577 | 0.189 | 0.582 | 0.020 |  7.234 |   7 |   5 |  __ |     __ |      __ |       __ | 
 578 | 0.877 | 0.892 | 0.002 |  7.235 |   7 |   5 |  __ |     __ |      __ |       __ | 
 579 | 0.989 | 0.749 | 0.000 |  7.235 |   7 |   5 |  __ |     __ |      __ |       __ | 
 580 | 0.883 | 0.540 | 0.002 |  7.237 |   7 |   4 |   5 |  7.353 | 0.10256 |  7.45581 | 
 581 | 0.506 | 0.467 | 0.008 |  7.245 |   7 |   5 |  __ |     __ |      __ |       __ | 
 582 | 0.324 | 0.594 | 0.014 |  7.259 |   7 |   5 |  __ |     __ |      __ |       __ | 
 583 | 0.423 | 0.320 | 0.011 |  7.270 |   7 |   5 |  __ |     __ |      __ |       __ | 
 584 | 0.078 | 0.660 | 0.031 |  7.301 |   7 |   2 |   3 |  7.364 | 0.06934 |  7.43297 | 
 585 | 0.267 | 0.104 | 0.016 |  7.317 |   7 |   2 |   6 |  7.372 | 0.37678 |  7.74878 | 
 586 | 0.750 | 0.688 | 0.004 |  7.320 |   7 |   3 |   7 |  7.372 | 0.06236 |  7.43470 | 
 587 | 0.776 | 0.401 | 0.003 |  7.323 |   7 |   4 |   1 |  7.401 | 0.15241 |  7.55297 | 
 588 | 0.497 | 0.805 | 0.009 |  7.332 |   7 |   5 |  __ |     __ |      __ |       __ | 
 589 | 0.547 | 0.677 | 0.007 |  7.339 |   7 |   5 |  __ |     __ |      __ |       __ | 
 590 | 0.009 | 0.846 | 0.058 |  7.397 |   7 |   1 |   2 |  7.431 | 0.02792 |  7.45880 | 
 591 | 0.835 | 0.810 | 0.002 |  7.399 |   7 |   2 |   3 |  7.433 | 0.03510 |  7.46807 | 
 592 | 0.284 | 0.475 | 0.015 |  7.415 |   7 |   2 |   7 |  7.435 | 0.12415 |  7.55886 | 
 593 | 0.467 | 0.317 | 0.009 |  7.424 |   7 |   3 |   5 |  7.456 | 0.19141 |  7.64722 | 
 594 | 0.536 | 0.180 | 0.008 |  7.432 |   7 |   3 |   2 |  7.459 | 0.28560 |  7.74440 | 
 595 | 0.180 | 0.636 | 0.021 |  7.452 |   7 |   2 |   3 |  7.468 | 0.07534 |  7.54340 | 
 596 | 0.673 | 0.974 | 0.005 |  7.457 |   7 |   2 |   4 |  7.488 | 0.00438 |  7.49244 | 
 597 | 0.191 | 0.761 | 0.020 |  7.477 |   7 |   1 |   4 |  7.492 | 0.04562 |  7.53806 | 
 598 | 0.691 | 0.861 | 0.005 |  7.482 |   7 |   2 |   4 |  7.538 | 0.02494 |  7.56300 | 
 599 | 0.524 | 0.779 | 0.008 |  7.490 |   7 |   2 |   3 |  7.543 | 0.04172 |  7.58512 | 
 600 | 0.009 | 0.159 | 0.057 |  7.547 |   7 |   0 |   1 |  7.553 | 0.30683 |  7.85979 | 
 601 | 0.302 | 0.419 | 0.015 |  7.561 |   6 |   0 |   7 |  7.561 | 0.14503 |  7.70636 | 
 602 | 0.043 | 0.483 | 0.039 |  7.600 |   5 |   0 |   3 |  7.600 | 0.12143 |  7.72127 | 
 603 | 0.218 | 0.742 | 0.019 |  7.618 |   6 |   0 |   4 |  7.618 | 0.04978 |  7.66818 | 
 604 | 0.152 | 0.165 | 0.023 |  7.641 |   7 |   0 |   5 |  7.647 | 0.30072 |  7.94794 | 
 605 | 0.839 | 0.699 | 0.002 |  7.644 |   7 |   1 |   4 |  7.668 | 0.05974 |  7.72791 | 
 606 | 0.395 | 0.819 | 0.011 |  7.655 |   7 |   1 |   7 |  7.706 | 0.03329 |  7.73965 | 
 607 | 0.700 | 0.473 | 0.004 |  7.659 |   7 |   2 |   3 |  7.721 | 0.12484 |  7.84611 | 
 608 | 0.848 | 0.833 | 0.002 |  7.661 |   7 |   3 |   4 |  7.728 | 0.03038 |  7.75829 | 
 609 | 0.042 | 0.427 | 0.039 |  7.700 |   7 |   3 |   7 |  7.740 | 0.14172 |  7.88136 | 
 610 | 0.087 | 0.498 | 0.030 |  7.730 |   7 |   1 |   2 |  7.744 | 0.11606 |  7.86046 | 
 611 | 0.312 | 0.000 | 0.014 |  7.744 |   7 |   1 |   6 |  7.749 | 1.73286 |  9.48164 | 
 612 | 0.267 | 0.589 | 0.016 |  7.760 |   6 |   0 |   4 |  7.760 | 0.08835 |  7.84829 | 
 613 | 0.499 | 0.399 | 0.008 |  7.768 |   7 |   0 |   3 |  7.846 | 0.15309 |  7.99920 | 
 614 | 0.410 | 0.985 | 0.011 |  7.779 |   7 |   1 |   4 |  7.848 | 0.00258 |  7.85087 | 
 615 | 0.974 | 0.153 | 0.000 |  7.780 |   7 |   2 |   4 |  7.851 | 0.31330 |  8.16417 | 
 616 | 0.699 | 0.738 | 0.004 |  7.784 |   7 |   3 |   1 |  7.860 | 0.05055 |  7.91034 | 
 617 | 0.199 | 0.007 | 0.020 |  7.804 |   7 |   4 |   2 |  7.860 | 0.81735 |  8.67781 | 
 618 | 0.345 | 0.313 | 0.013 |  7.817 |   7 |   5 |  __ |     __ |      __ |       __ | 
 619 | 0.319 | 0.283 | 0.014 |  7.831 |   7 |   5 |  __ |     __ |      __ |       __ | 
 620 | 0.311 | 0.062 | 0.014 |  7.845 |   7 |   5 |  __ |     __ |      __ |       __ | 
 621 | 0.286 | 0.055 | 0.015 |  7.860 |   7 |   1 |   7 |  7.881 | 0.48204 |  8.36340 | 
 622 | 0.708 | 0.009 | 0.004 |  7.864 |   7 |   1 |   1 |  7.910 | 0.79196 |  8.70229 | 
 623 | 0.102 | 0.161 | 0.028 |  7.892 |   7 |   1 |   5 |  7.948 | 0.30485 |  8.25279 | 
 624 | 0.669 | 0.989 | 0.005 |  7.897 |   7 |   2 |   3 |  7.999 | 0.00191 |  8.00112 | 
 625 | 0.293 | 0.807 | 0.015 |  7.912 |   7 |   2 |   3 |  8.001 | 0.03578 |  8.03689 | 
 626 | 0.249 | 0.219 | 0.017 |  7.929 |   7 |   3 |   3 |  8.037 | 0.25328 |  8.29017 | 
 627 | 0.681 | 0.167 | 0.005 |  7.934 |   7 |   4 |   4 |  8.164 | 0.29820 |  8.46238 | 
 628 | 0.820 | 0.646 | 0.002 |  7.936 |   7 |   5 |  __ |     __ |      __ |       __ | 
 629 | 0.216 | 0.156 | 0.019 |  7.955 |   7 |   4 |   5 |  8.253 | 0.30967 |  8.56246 | 
 630 | 0.285 | 0.096 | 0.015 |  7.970 |   7 |   5 |  __ |     __ |      __ |       __ | 
 631 | 0.734 | 0.934 | 0.004 |  7.974 |   7 |   5 |  __ |     __ |      __ |       __ | 
 632 | 0.421 | 0.589 | 0.011 |  7.984 |   7 |   5 |  __ |     __ |      __ |       __ | 
 633 | 0.322 | 0.240 | 0.014 |  7.998 |   7 |   5 |  __ |     __ |      __ |       __ | 
 634 | 0.667 | 0.570 | 0.005 |  8.003 |   7 |   3 |   3 |  8.290 | 0.09367 |  8.38384 | 
 635 | 0.230 | 0.096 | 0.018 |  8.021 |   7 |   4 |   7 |  8.363 | 0.39018 |  8.75358 | 
 636 | 0.343 | 0.083 | 0.013 |  8.034 |   7 |   5 |  __ |     __ |      __ |       __ | 
 637 | 0.704 | 0.718 | 0.004 |  8.038 |   7 |   4 |   3 |  8.384 | 0.05524 |  8.43908 | 
 638 | 0.828 | 0.467 | 0.002 |  8.041 |   7 |   5 |  __ |     __ |      __ |       __ | 
 639 | 0.832 | 0.628 | 0.002 |  8.043 |   7 |   5 |  __ |     __ |      __ |       __ | 
 640 | 0.598 | 0.476 | 0.006 |  8.049 |   7 |   5 |  __ |     __ |      __ |       __ | 
 641 | 0.433 | 0.001 | 0.010 |  8.059 |   7 |   5 |  __ |     __ |      __ |       __ | 
 642 | 0.938 | 0.632 | 0.001 |  8.060 |   7 |   5 |  __ |     __ |      __ |       __ | 
 643 | 0.626 | 0.653 | 0.006 |  8.066 |   7 |   5 |  __ |     __ |      __ |       __ | 
 644 | 0.368 | 0.635 | 0.012 |  8.078 |   7 |   5 |  __ |     __ |      __ |       __ | 
 645 | 0.553 | 0.369 | 0.007 |  8.085 |   7 |   5 |  __ |     __ |      __ |       __ | 
 646 | 0.070 | 0.938 | 0.032 |  8.118 |   7 |   5 |  __ |     __ |      __ |       __ | 
 647 | 0.697 | 0.332 | 0.004 |  8.122 |   7 |   5 |  __ |     __ |      __ |       __ | 
 648 | 0.093 | 0.450 | 0.029 |  8.151 |   7 |   5 |  __ |     __ |      __ |       __ | 
 649 | 0.093 | 0.612 | 0.029 |  8.180 |   7 |   4 |   3 |  8.439 | 0.08189 |  8.52097 | 
 650 | 0.745 | 0.088 | 0.004 |  8.184 |   7 |   5 |  __ |     __ |      __ |       __ | 
 651 | 0.797 | 0.306 | 0.003 |  8.186 |   7 |   5 |  __ |     __ |      __ |       __ | 
 652 | 0.787 | 0.418 | 0.003 |  8.189 |   7 |   5 |  __ |     __ |      __ |       __ | 
 653 | 0.645 | 0.392 | 0.005 |  8.195 |   7 |   5 |  __ |     __ |      __ |       __ | 
 654 | 0.214 | 0.488 | 0.019 |  8.214 |   7 |   5 |  __ |     __ |      __ |       __ | 
 655 | 0.362 | 0.745 | 0.012 |  8.226 |   7 |   5 |  __ |     __ |      __ |       __ | 
 656 | 0.737 | 0.856 | 0.004 |  8.230 |   7 |   5 |  __ |     __ |      __ |       __ | 
 657 | 0.668 | 0.376 | 0.005 |  8.235 |   7 |   5 |  __ |     __ |      __ |       __ | 
 658 | 0.125 | 0.354 | 0.025 |  8.260 |   7 |   4 |   4 |  8.462 | 0.17320 |  8.63557 | 
 659 | 0.451 | 0.840 | 0.010 |  8.270 |   7 |   5 |  __ |     __ |      __ |       __ | 
 660 | 0.222 | 0.107 | 0.018 |  8.288 |   7 |   5 |  __ |     __ |      __ |       __ | 
 661 | 0.038 | 0.061 | 0.040 |  8.328 |   7 |   4 |   3 |  8.521 | 0.46530 |  8.98627 | 
 662 | 0.813 | 0.711 | 0.003 |  8.330 |   7 |   5 |  __ |     __ |      __ |       __ | 
 663 | 0.301 | 0.949 | 0.015 |  8.345 |   7 |   5 |  __ |     __ |      __ |       __ | 
 664 | 0.787 | 0.838 | 0.003 |  8.348 |   7 |   5 |  __ |     __ |      __ |       __ | 
 665 | 0.001 | 0.477 | 0.092 |  8.440 |   7 |   2 |   5 |  8.562 | 0.12345 |  8.68591 | 
 666 | 0.041 | 0.114 | 0.039 |  8.479 |   7 |   2 |   4 |  8.636 | 0.36159 |  8.99716 | 
 667 | 0.816 | 0.708 | 0.002 |  8.481 |   7 |   3 |   2 |  8.678 | 0.05757 |  8.73538 | 
 668 | 0.866 | 0.101 | 0.002 |  8.483 |   7 |   4 |   5 |  8.686 | 0.38203 |  9.06794 | 
 669 | 0.243 | 0.234 | 0.017 |  8.501 |   7 |   5 |  __ |     __ |      __ |       __ | 
 670 | 0.112 | 0.618 | 0.027 |  8.527 |   7 |   4 |   1 |  8.702 | 0.08012 |  8.78241 | 
 671 | 0.512 | 0.284 | 0.008 |  8.535 |   7 |   5 |  __ |     __ |      __ |       __ | 
 672 | 0.968 | 0.847 | 0.000 |  8.536 |   7 |   5 |  __ |     __ |      __ |       __ | 
 673 | 0.991 | 0.514 | 0.000 |  8.536 |   7 |   5 |  __ |     __ |      __ |       __ | 
 674 | 0.600 | 0.065 | 0.006 |  8.542 |   7 |   5 |  __ |     __ |      __ |       __ | 
 675 | 0.912 | 0.422 | 0.001 |  8.543 |   7 |   5 |  __ |     __ |      __ |       __ | 
 676 | 0.573 | 0.241 | 0.007 |  8.550 |   7 |   5 |  __ |     __ |      __ |       __ | 
 677 | 0.137 | 0.181 | 0.024 |  8.574 |   7 |   4 |   2 |  8.735 | 0.28493 |  9.02031 | 
 678 | 0.561 | 0.238 | 0.007 |  8.581 |   7 |   5 |  __ |     __ |      __ |       __ | 
 679 | 0.509 | 0.104 | 0.008 |  8.590 |   7 |   5 |  __ |     __ |      __ |       __ | 
 680 | 0.157 | 0.562 | 0.023 |  8.612 |   7 |   5 |  __ |     __ |      __ |       __ | 
 681 | 0.409 | 0.642 | 0.011 |  8.623 |   7 |   5 |  __ |     __ |      __ |       __ | 
 682 | 0.748 | 0.294 | 0.004 |  8.627 |   7 |   5 |  __ |     __ |      __ |       __ | 
 683 | 0.220 | 0.713 | 0.018 |  8.645 |   7 |   4 |   7 |  8.754 | 0.05636 |  8.80994 | 
 684 | 0.931 | 0.328 | 0.001 |  8.646 |   7 |   5 |  __ |     __ |      __ |       __ | 
 685 | 0.431 | 0.710 | 0.010 |  8.656 |   7 |   5 |  __ |     __ |      __ |       __ | 
 686 | 0.434 | 0.112 | 0.010 |  8.666 |   7 |   5 |  __ |     __ |      __ |       __ | 
 687 | 0.285 | 0.476 | 0.015 |  8.682 |   7 |   4 |   1 |  8.782 | 0.12377 |  8.90618 | 
 688 | 0.053 | 0.976 | 0.036 |  8.717 |   7 |   3 |   7 |  8.810 | 0.00404 |  8.81398 | 
 689 | 0.544 | 0.072 | 0.007 |  8.725 |   7 |   4 |   7 |  8.814 | 0.43740 |  9.25138 | 
 690 | 0.786 | 0.950 | 0.003 |  8.728 |   7 |   5 |  __ |     __ |      __ |       __ | 
 691 | 0.241 | 0.014 | 0.017 |  8.745 |   7 |   4 |   1 |  8.906 | 0.71063 |  9.61681 | 
 692 | 0.687 | 0.108 | 0.005 |  8.750 |   7 |   5 |  __ |     __ |      __ |       __ | 
 693 | 0.746 | 0.646 | 0.004 |  8.753 |   7 |   5 |  __ |     __ |      __ |       __ | 
 694 | 0.192 | 0.190 | 0.020 |  8.773 |   7 |   4 |   3 |  8.986 | 0.27675 |  9.26302 | 
 695 | 0.163 | 0.828 | 0.022 |  8.796 |   7 |   4 |   4 |  8.997 | 0.03137 |  9.02854 | 
 696 | 0.605 | 0.379 | 0.006 |  8.802 |   7 |   5 |  __ |     __ |      __ |       __ | 
 697 | 0.520 | 0.696 | 0.008 |  8.810 |   7 |   5 |  __ |     __ |      __ |       __ | 
 698 | 0.868 | 0.332 | 0.002 |  8.811 |   7 |   4 |   2 |  9.020 | 0.18367 |  9.20398 | 
 699 | 0.753 | 0.214 | 0.003 |  8.815 |   7 |   4 |   4 |  9.029 | 0.25680 |  9.28534 | 
 700 | 0.837 | 0.806 | 0.002 |  8.817 |   7 |   5 |  __ |     __ |      __ |       __ | 
 701 | 0.048 | 0.658 | 0.037 |  8.854 |   7 |   5 |  __ |     __ |      __ |       __ | 
 702 | 0.000 | 0.911 | 0.100 |  8.954 |   7 |   4 |   5 |  9.068 | 0.01551 |  9.08345 | 
 703 | 0.430 | 0.935 | 0.010 |  8.964 |   7 |   5 |  __ |     __ |      __ |       __ | 
 704 | 0.229 | 0.601 | 0.018 |  8.982 |   7 |   5 |  __ |     __ |      __ |       __ | 
 705 | 0.080 | 0.066 | 0.031 |  9.013 |   7 |   3 |   5 |  9.083 | 0.45407 |  9.53752 | 
 706 | 0.252 | 0.063 | 0.017 |  9.030 |   7 |   2 |   2 |  9.204 | 0.46185 |  9.66583 | 
 707 | 0.875 | 0.648 | 0.002 |  9.032 |   7 |   3 |   7 |  9.251 | 0.07241 |  9.32379 | 
 708 | 0.731 | 0.879 | 0.004 |  9.035 |   7 |   4 |   3 |  9.263 | 0.02144 |  9.28447 | 
 709 | 0.731 | 0.810 | 0.004 |  9.039 |   7 |   5 |  __ |     __ |      __ |       __ | 
 710 | 0.373 | 0.859 | 0.012 |  9.051 |   7 |   5 |  __ |     __ |      __ |       __ | 
 711 | 0.328 | 0.286 | 0.014 |  9.065 |   7 |   5 |  __ |     __ |      __ |       __ | 
 712 | 0.686 | 0.443 | 0.005 |  9.070 |   7 |   4 |   3 |  9.284 | 0.13573 |  9.42020 | 
 713 | 0.660 | 0.033 | 0.005 |  9.075 |   7 |   5 |  __ |     __ |      __ |       __ | 
 714 | 0.333 | 0.293 | 0.013 |  9.088 |   7 |   4 |   4 |  9.285 | 0.20442 |  9.48975 | 
 715 | 0.836 | 0.151 | 0.002 |  9.090 |   7 |   5 |  __ |     __ |      __ |       __ | 
 716 | 0.255 | 0.235 | 0.017 |  9.107 |   7 |   5 |  __ |     __ |      __ |       __ | 
 717 | 0.283 | 0.591 | 0.015 |  9.122 |   7 |   5 |  __ |     __ |      __ |       __ | 
 718 | 0.295 | 0.357 | 0.015 |  9.137 |   7 |   5 |  __ |     __ |      __ |       __ | 
 719 | 0.462 | 0.828 | 0.009 |  9.147 |   7 |   5 |  __ |     __ |      __ |       __ | 
 720 | 0.027 | 0.480 | 0.044 |  9.191 |   7 |   5 |  __ |     __ |      __ |       __ | 
 721 | 0.823 | 0.581 | 0.002 |  9.193 |   7 |   5 |  __ |     __ |      __ |       __ | 
 722 | 0.434 | 0.023 | 0.010 |  9.203 |   7 |   5 |  __ |     __ |      __ |       __ | 
 723 | 0.785 | 0.016 | 0.003 |  9.206 |   7 |   4 |   7 |  9.324 | 0.68707 | 10.01086 | 
 724 | 0.461 | 0.371 | 0.009 |  9.216 |   7 |   5 |  __ |     __ |      __ |       __ | 
 725 | 0.846 | 0.663 | 0.002 |  9.218 |   7 |   5 |  __ |     __ |      __ |       __ | 
 726 | 0.474 | 0.727 | 0.009 |  9.227 |   7 |   5 |  __ |     __ |      __ |       __ | 
 727 | 0.566 | 0.519 | 0.007 |  9.234 |   7 |   5 |  __ |     __ |      __ |       __ | 
 728 | 0.165 | 0.651 | 0.022 |  9.256 |   7 |   4 |   3 |  9.420 | 0.07154 |  9.49174 | 
 729 | 0.092 | 0.537 | 0.029 |  9.285 |   7 |   3 |   6 |  9.482 | 0.10354 |  9.58518 | 
 730 | 0.488 | 0.812 | 0.009 |  9.293 |   7 |   3 |   4 |  9.490 | 0.03478 |  9.52454 | 
 731 | 0.230 | 0.736 | 0.018 |  9.311 |   7 |   4 |   3 |  9.492 | 0.05100 |  9.54274 | 
 732 | 0.067 | 0.878 | 0.033 |  9.344 |   7 |   4 |   4 |  9.525 | 0.02162 |  9.54616 | 
 733 | 0.611 | 0.201 | 0.006 |  9.350 |   7 |   5 |  __ |     __ |      __ |       __ | 
 734 | 0.591 | 0.377 | 0.006 |  9.357 |   7 |   5 |  __ |     __ |      __ |       __ | 
 735 | 0.839 | 0.922 | 0.002 |  9.359 |   7 |   5 |  __ |     __ |      __ |       __ | 
 736 | 0.478 | 0.750 | 0.009 |  9.368 |   7 |   5 |  __ |     __ |      __ |       __ | 
 737 | 0.959 | 0.076 | 0.001 |  9.368 |   7 |   5 |  __ |     __ |      __ |       __ | 
 738 | 0.568 | 0.668 | 0.007 |  9.375 |   7 |   5 |  __ |     __ |      __ |       __ | 
 739 | 0.224 | 0.732 | 0.018 |  9.393 |   7 |   5 |  __ |     __ |      __ |       __ | 
 740 | 0.157 | 0.880 | 0.023 |  9.416 |   7 |   5 |  __ |     __ |      __ |       __ | 
 741 | 0.816 | 0.077 | 0.002 |  9.419 |   7 |   5 |  __ |     __ |      __ |       __ | 
 742 | 0.548 | 0.228 | 0.007 |  9.426 |   7 |   4 |   5 |  9.538 | 0.24658 |  9.78410 | 
 743 | 0.929 | 0.409 | 0.001 |  9.427 |   7 |   5 |  __ |     __ |      __ |       __ | 
 744 | 0.362 | 0.678 | 0.012 |  9.439 |   7 |   5 |  __ |     __ |      __ |       __ | 
 745 | 0.984 | 0.284 | 0.000 |  9.439 |   7 |   5 |  __ |     __ |      __ |       __ | 
 746 | 0.790 | 0.729 | 0.003 |  9.442 |   7 |   5 |  __ |     __ |      __ |       __ | 
 747 | 0.827 | 0.389 | 0.002 |  9.445 |   7 |   5 |  __ |     __ |      __ |       __ | 
 748 | 0.103 | 0.482 | 0.028 |  9.472 |   7 |   5 |  __ |     __ |      __ |       __ | 
 749 | 0.680 | 0.726 | 0.005 |  9.477 |   7 |   5 |  __ |     __ |      __ |       __ | 
 750 | 0.278 | 0.856 | 0.016 |  9.493 |   7 |   2 |   3 |  9.543 | 0.02594 |  9.56868 | 
 751 | 0.789 | 0.316 | 0.003 |  9.496 |   7 |   3 |   4 |  9.546 | 0.19206 |  9.73821 | 
 752 | 0.826 | 0.811 | 0.002 |  9.498 |   7 |   4 |   3 |  9.569 | 0.03491 |  9.60359 | 
 753 | 0.065 | 0.414 | 0.033 |  9.531 |   7 |   4 |   6 |  9.585 | 0.14694 |  9.73212 | 
 754 | 0.233 | 0.424 | 0.018 |  9.549 |   7 |   2 |   3 |  9.604 | 0.14315 |  9.74674 | 
 755 | 0.072 | 0.378 | 0.032 |  9.581 |   7 |   2 |   1 |  9.617 | 0.16205 |  9.77886 | 
 756 | 0.431 | 0.202 | 0.010 |  9.591 |   7 |   2 |   2 |  9.666 | 0.26683 |  9.93266 | 
 757 | 0.794 | 0.069 | 0.003 |  9.594 |   7 |   3 |   6 |  9.732 | 0.44443 | 10.17655 | 
 758 | 0.211 | 0.010 | 0.019 |  9.613 |   7 |   3 |   4 |  9.738 | 0.77200 | 10.51021 | 
 759 | 0.304 | 0.623 | 0.015 |  9.628 |   7 |   3 |   3 |  9.747 | 0.07881 |  9.82555 | 
 760 | 0.859 | 0.644 | 0.002 |  9.630 |   7 |   4 |   1 |  9.779 | 0.07326 |  9.85211 | 
 761 | 0.572 | 0.345 | 0.007 |  9.636 |   7 |   5 |  __ |     __ |      __ |       __ | 
 762 | 0.672 | 0.774 | 0.005 |  9.641 |   7 |   5 |  __ |     __ |      __ |       __ | 
 763 | 0.528 | 0.605 | 0.008 |  9.649 |   7 |   5 |  __ |     __ |      __ |       __ | 
 764 | 0.482 | 0.862 | 0.009 |  9.658 |   7 |   5 |  __ |     __ |      __ |       __ | 
 765 | 0.535 | 0.466 | 0.008 |  9.666 |   7 |   5 |  __ |     __ |      __ |       __ | 
 766 | 0.086 | 0.032 | 0.030 |  9.696 |   7 |   4 |   5 |  9.784 | 0.57487 | 10.35897 | 
 767 | 0.151 | 0.209 | 0.023 |  9.719 |   7 |   5 |  __ |     __ |      __ |       __ | 
 768 | 0.270 | 0.260 | 0.016 |  9.735 |   7 |   4 |   3 |  9.826 | 0.22440 | 10.04995 | 
 769 | 0.286 | 0.245 | 0.015 |  9.750 |   7 |   3 |   1 |  9.852 | 0.23410 | 10.08622 | 
 770 | 0.901 | 0.403 | 0.001 |  9.751 |   7 |   4 |   2 |  9.933 | 0.15157 | 10.08423 | 
 771 | 0.166 | 0.298 | 0.022 |  9.773 |   7 |   5 |  __ |     __ |      __ |       __ | 
 772 | 0.680 | 0.198 | 0.005 |  9.778 |   7 |   5 |  __ |     __ |      __ |       __ | 
 773 | 0.129 | 0.460 | 0.025 |  9.803 |   7 |   3 |   7 | 10.011 | 0.12946 | 10.14032 | 
 774 | 0.640 | 0.951 | 0.005 |  9.808 |   7 |   4 |   3 | 10.050 | 0.00840 | 10.05835 | 
 775 | 0.658 | 0.435 | 0.005 |  9.813 |   7 |   5 |  __ |     __ |      __ |       __ | 
 776 | 0.392 | 0.358 | 0.011 |  9.825 |   7 |   5 |  __ |     __ |      __ |       __ | 
 777 | 0.834 | 0.373 | 0.002 |  9.827 |   7 |   4 |   3 | 10.058 | 0.16435 | 10.22270 | 
 778 | 0.422 | 0.762 | 0.011 |  9.837 |   7 |   5 |  __ |     __ |      __ |       __ | 
 779 | 0.998 | 0.803 | 0.000 |  9.838 |   7 |   5 |  __ |     __ |      __ |       __ | 
 780 | 0.006 | 0.070 | 0.063 |  9.901 |   7 |   4 |   2 | 10.084 | 0.44297 | 10.52720 | 
 781 | 0.392 | 0.806 | 0.011 |  9.912 |   7 |   5 |  __ |     __ |      __ |       __ | 
 782 | 0.359 | 0.529 | 0.012 |  9.924 |   7 |   5 |  __ |     __ |      __ |       __ | 
 783 | 0.294 | 0.058 | 0.015 |  9.939 |   7 |   4 |   1 | 10.086 | 0.47574 | 10.56196 | 
 784 | 0.483 | 0.116 | 0.009 |  9.948 |   7 |   5 |  __ |     __ |      __ |       __ | 
 785 | 0.838 | 0.230 | 0.002 |  9.950 |   7 |   5 |  __ |     __ |      __ |       __ | 
 786 | 0.734 | 0.405 | 0.004 |  9.954 |   7 |   5 |  __ |     __ |      __ |       __ | 
 787 | 0.837 | 0.174 | 0.002 |  9.956 |   7 |   5 |  __ |     __ |      __ |       __ | 
 788 | 0.483 | 0.954 | 0.009 |  9.965 |   7 |   5 |  __ |     __ |      __ |       __ | 
 789 | 0.078 | 0.097 | 0.031 |  9.996 |   7 |   5 |  __ |     __ |      __ |       __ | 
 790 | 0.577 | 0.873 | 0.007 | 10.003 |   7 |   5 |  __ |     __ |      __ |       __ | 
 791 | 0.468 | 0.344 | 0.009 | 10.012 |   7 |   4 |   7 | 10.140 | 0.17781 | 10.31813 | 
 792 | 0.239 | 0.685 | 0.017 | 10.030 |   7 |   5 |  __ |     __ |      __ |       __ | 
 793 | 0.815 | 0.092 | 0.002 | 10.032 |   7 |   5 |  __ |     __ |      __ |       __ | 
 794 | 0.048 | 0.479 | 0.037 | 10.069 |   7 |   3 |   6 | 10.177 | 0.12274 | 10.29929 | 
 795 | 0.319 | 0.312 | 0.014 | 10.083 |   7 |   4 |   3 | 10.223 | 0.19393 | 10.41663 | 
 796 | 0.045 | 0.055 | 0.038 | 10.121 |   7 |   3 |   6 | 10.299 | 0.48407 | 10.78336 | 
 797 | 0.756 | 0.466 | 0.003 | 10.125 |   7 |   4 |   7 | 10.318 | 0.12724 | 10.44537 | 
 798 | 0.090 | 0.414 | 0.029 | 10.154 |   7 |   4 |   5 | 10.359 | 0.14687 | 10.50583 | 
 799 | 0.337 | 0.824 | 0.013 | 10.167 |   7 |   5 |  __ |     __ |      __ |       __ | 
 800 | 0.908 | 0.095 | 0.001 | 10.168 |   7 |   5 |  __ |     __ |      __ |       __ | 
 801 | 0.789 | 0.788 | 0.003 | 10.171 |   7 |   5 |  __ |     __ |      __ |       __ | 
 802 | 0.397 | 0.920 | 0.011 | 10.183 |   7 |   4 |   3 | 10.417 | 0.01396 | 10.43059 | 
 803 | 0.094 | 0.429 | 0.029 | 10.211 |   7 |   5 |  __ |     __ |      __ |       __ | 
 804 | 0.831 | 0.766 | 0.002 | 10.214 |   7 |   5 |  __ |     __ |      __ |       __ | 
 805 | 0.379 | 0.242 | 0.012 | 10.225 |   7 |   4 |   3 | 10.431 | 0.23648 | 10.66707 | 
 806 | 0.325 | 0.633 | 0.014 | 10.239 |   7 |   5 |  __ |     __ |      __ |       __ | 
 807 | 0.005 | 0.962 | 0.064 | 10.303 |   7 |   4 |   7 | 10.445 | 0.00638 | 10.45175 | 
 808 | 0.162 | 0.699 | 0.022 | 10.325 |   7 |   4 |   7 | 10.452 | 0.05972 | 10.51147 | 
 809 | 0.467 | 0.698 | 0.009 | 10.334 |   7 |   5 |  __ |     __ |      __ |       __ | 
 810 | 0.636 | 0.209 | 0.006 | 10.340 |   7 |   5 |  __ |     __ |      __ |       __ | 
 811 | 0.483 | 0.226 | 0.009 | 10.349 |   7 |   5 |  __ |     __ |      __ |       __ | 
 812 | 0.318 | 0.881 | 0.014 | 10.363 |   7 |   4 |   5 | 10.506 | 0.02104 | 10.52687 | 
 813 | 0.810 | 0.477 | 0.003 | 10.365 |   7 |   5 |  __ |     __ |      __ |       __ | 
 814 | 0.022 | 0.440 | 0.046 | 10.412 |   7 |   5 |  __ |     __ |      __ |       __ | 
 815 | 0.958 | 0.288 | 0.001 | 10.412 |   7 |   5 |  __ |     __ |      __ |       __ | 
 816 | 0.059 | 0.775 | 0.034 | 10.447 |   7 |   2 |   4 | 10.510 | 0.04254 | 10.55275 | 
 817 | 0.012 | 0.816 | 0.054 | 10.501 |   7 |   2 |   7 | 10.511 | 0.03392 | 10.54539 | 
 818 | 0.285 | 0.879 | 0.015 | 10.516 |   7 |   0 |   5 | 10.527 | 0.02141 | 10.54828 | 
 819 | 0.602 | 0.044 | 0.006 | 10.523 |   7 |   1 |   2 | 10.527 | 0.52231 | 11.04951 | 
 820 | 0.496 | 0.436 | 0.009 | 10.531 |   7 |   0 |   7 | 10.545 | 0.13821 | 10.68360 | 
 821 | 0.678 | 0.895 | 0.005 | 10.536 |   7 |   1 |   5 | 10.548 | 0.01851 | 10.56679 | 
 822 | 0.251 | 0.664 | 0.017 | 10.553 |   6 |   0 |   4 | 10.553 | 0.06826 | 10.62108 | 
 823 | 0.522 | 0.610 | 0.008 | 10.561 |   7 |   0 |   1 | 10.562 | 0.08234 | 10.64430 | 
 824 | 0.066 | 0.621 | 0.033 | 10.594 |   6 |   0 |   5 | 10.594 | 0.07943 | 10.67330 | 
 825 | 0.678 | 0.281 | 0.005 | 10.599 |   7 |   0 |   4 | 10.621 | 0.21150 | 10.83258 | 
 826 | 0.338 | 0.471 | 0.013 | 10.612 |   7 |   1 |   1 | 10.644 | 0.12538 | 10.76967 | 
 827 | 0.563 | 0.608 | 0.007 | 10.619 |   7 |   2 |   3 | 10.667 | 0.08281 | 10.74988 | 
 828 | 0.607 | 0.367 | 0.006 | 10.625 |   7 |   2 |   5 | 10.673 | 0.16693 | 10.84023 | 
 829 | 0.321 | 0.609 | 0.014 | 10.639 |   7 |   3 |   7 | 10.684 | 0.08272 | 10.76632 | 
 830 | 0.490 | 0.048 | 0.009 | 10.647 |   7 |   3 |   3 | 10.750 | 0.50586 | 11.25574 | 
 831 | 0.769 | 0.419 | 0.003 | 10.651 |   7 |   4 |   7 | 10.766 | 0.14501 | 10.91133 | 
 832 | 0.567 | 0.220 | 0.007 | 10.658 |   7 |   5 |  __ |     __ |      __ |       __ | 
 833 | 0.208 | 0.009 | 0.019 | 10.677 |   7 |   3 |   1 | 10.770 | 0.78617 | 11.55584 | 
 834 | 0.010 | 0.871 | 0.056 | 10.732 |   7 |   3 |   6 | 10.783 | 0.02303 | 10.80639 | 
 835 | 0.598 | 0.784 | 0.006 | 10.739 |   7 |   4 |   6 | 10.806 | 0.04061 | 10.84700 | 
 836 | 0.305 | 0.852 | 0.014 | 10.753 |   7 |   4 |   4 | 10.833 | 0.02677 | 10.85935 | 
 837 | 0.182 | 0.289 | 0.021 | 10.774 |   7 |   3 |   5 | 10.840 | 0.20669 | 11.04692 | 
 838 | 0.277 | 0.995 | 0.016 | 10.790 |   7 |   3 |   6 | 10.847 | 0.00089 | 10.84789 | 
 839 | 0.969 | 0.463 | 0.000 | 10.790 |   7 |   4 |   6 | 10.848 | 0.12832 | 10.97620 | 
 840 | 0.763 | 0.086 | 0.003 | 10.793 |   7 |   5 |  __ |     __ |      __ |       __ | 
 841 | 0.728 | 0.864 | 0.004 | 10.797 |   7 |   5 |  __ |     __ |      __ |       __ | 
 842 | 0.584 | 0.472 | 0.007 | 10.804 |   7 |   5 |  __ |     __ |      __ |       __ | 
 843 | 0.938 | 0.681 | 0.001 | 10.805 |   7 |   5 |  __ |     __ |      __ |       __ | 
 844 | 0.901 | 0.783 | 0.001 | 10.806 |   7 |   5 |  __ |     __ |      __ |       __ | 
 845 | 0.159 | 0.568 | 0.022 | 10.828 |   7 |   4 |   4 | 10.859 | 0.09413 | 10.95348 | 
 846 | 0.342 | 0.634 | 0.013 | 10.841 |   7 |   3 |   7 | 10.911 | 0.07599 | 10.98732 | 
 847 | 0.211 | 0.628 | 0.019 | 10.860 |   7 |   1 |   4 | 10.953 | 0.07749 | 11.03098 | 
 848 | 0.536 | 0.518 | 0.008 | 10.868 |   7 |   2 |   6 | 10.976 | 0.10971 | 11.08592 | 
 849 | 0.494 | 0.592 | 0.009 | 10.876 |   7 |   3 |   7 | 10.987 | 0.08750 | 11.07483 | 
 850 | 0.369 | 0.721 | 0.012 | 10.889 |   7 |   4 |   4 | 11.031 | 0.05448 | 11.08545 | 
 851 | 0.069 | 0.602 | 0.033 | 10.921 |   7 |   4 |   5 | 11.047 | 0.08462 | 11.13154 | 
 852 | 0.618 | 0.585 | 0.006 | 10.927 |   7 |   5 |  __ |     __ |      __ |       __ | 
 853 | 0.424 | 0.105 | 0.010 | 10.937 |   7 |   5 |  __ |     __ |      __ |       __ | 
 854 | 0.902 | 0.129 | 0.001 | 10.939 |   7 |   5 |  __ |     __ |      __ |       __ | 
 855 | 0.750 | 0.493 | 0.004 | 10.942 |   7 |   5 |  __ |     __ |      __ |       __ | 
 856 | 0.898 | 0.550 | 0.001 | 10.944 |   7 |   5 |  __ |     __ |      __ |       __ | 
 857 | 0.985 | 0.344 | 0.000 | 10.944 |   7 |   5 |  __ |     __ |      __ |       __ | 
 858 | 0.757 | 0.106 | 0.003 | 10.947 |   7 |   5 |  __ |     __ |      __ |       __ | 
 859 | 0.825 | 0.405 | 0.002 | 10.949 |   7 |   5 |  __ |     __ |      __ |       __ | 
 860 | 0.161 | 0.710 | 0.022 | 10.972 |   7 |   4 |   2 | 11.050 | 0.05718 | 11.10669 | 
 861 | 0.501 | 0.703 | 0.008 | 10.980 |   7 |   4 |   7 | 11.075 | 0.05882 | 11.13365 | 
 862 | 0.748 | 0.790 | 0.004 | 10.984 |   7 |   5 |  __ |     __ |      __ |       __ | 
 863 | 0.336 | 0.510 | 0.013 | 10.997 |   7 |   4 |   4 | 11.085 | 0.11231 | 11.19776 | 
 864 | 0.780 | 0.900 | 0.003 | 11.000 |   7 |   5 |  __ |     __ |      __ |       __ | 
 865 | 0.674 | 0.819 | 0.005 | 11.005 |   7 |   5 |  __ |     __ |      __ |       __ | 
 866 | 0.492 | 0.091 | 0.009 | 11.013 |   7 |   5 |  __ |     __ |      __ |       __ | 
 867 | 0.388 | 0.362 | 0.012 | 11.025 |   7 |   5 |  __ |     __ |      __ |       __ | 
 868 | 0.355 | 0.101 | 0.013 | 11.038 |   7 |   4 |   6 | 11.086 | 0.38173 | 11.46764 | 
 869 | 0.669 | 0.307 | 0.005 | 11.043 |   7 |   5 |  __ |     __ |      __ |       __ | 
 870 | 0.174 | 0.805 | 0.021 | 11.064 |   7 |   3 |   2 | 11.107 | 0.03610 | 11.14279 | 
 871 | 0.655 | 0.042 | 0.005 | 11.069 |   7 |   4 |   5 | 11.132 | 0.52657 | 11.65811 | 
 872 | 0.850 | 0.780 | 0.002 | 11.071 |   7 |   5 |  __ |     __ |      __ |       __ | 
 873 | 0.395 | 0.943 | 0.011 | 11.082 |   7 |   4 |   7 | 11.134 | 0.00974 | 11.14339 | 
 874 | 0.620 | 0.046 | 0.006 | 11.088 |   7 |   3 |   2 | 11.143 | 0.51433 | 11.65712 | 
 875 | 0.468 | 0.099 | 0.009 | 11.097 |   7 |   4 |   7 | 11.143 | 0.38621 | 11.52960 | 
 876 | 0.621 | 0.957 | 0.006 | 11.103 |   7 |   5 |  __ |     __ |      __ |       __ | 
 877 | 0.116 | 0.633 | 0.026 | 11.130 |   7 |   4 |   4 | 11.198 | 0.07612 | 11.27388 | 
 878 | 0.607 | 0.916 | 0.006 | 11.136 |   7 |   3 |   3 | 11.256 | 0.01469 | 11.27042 | 
 879 | 0.135 | 0.695 | 0.024 | 11.160 |   7 |   2 |   3 | 11.270 | 0.06061 | 11.33104 | 
 880 | 0.258 | 0.852 | 0.017 | 11.177 |   7 |   3 |   4 | 11.274 | 0.02676 | 11.30064 | 
 881 | 0.459 | 0.769 | 0.009 | 11.186 |   7 |   4 |   4 | 11.301 | 0.04377 | 11.34441 | 
 882 | 0.065 | 0.360 | 0.033 | 11.219 |   7 |   4 |   3 | 11.331 | 0.17040 | 11.50144 | 
 883 | 0.307 | 0.220 | 0.014 | 11.234 |   7 |   5 |  __ |     __ |      __ |       __ | 
 884 | 0.998 | 0.741 | 0.000 | 11.234 |   7 |   5 |  __ |     __ |      __ |       __ | 
 885 | 0.752 | 0.409 | 0.003 | 11.237 |   7 |   5 |  __ |     __ |      __ |       __ | 
 886 | 0.211 | 0.050 | 0.019 | 11.256 |   7 |   4 |   4 | 11.344 | 0.50045 | 11.84486 | 
 887 | 0.703 | 0.560 | 0.004 | 11.261 |   7 |   5 |  __ |     __ |      __ |       __ | 
 888 | 0.891 | 0.456 | 0.001 | 11.262 |   7 |   5 |  __ |     __ |      __ |       __ | 
 889 | 0.319 | 0.651 | 0.014 | 11.276 |   7 |   3 |   6 | 11.468 | 0.07159 | 11.53923 | 
 890 | 0.540 | 0.714 | 0.008 | 11.283 |   7 |   4 |   3 | 11.501 | 0.05608 | 11.55752 | 
 891 | 0.174 | 0.822 | 0.021 | 11.305 |   7 |   4 |   7 | 11.530 | 0.03263 | 11.56223 | 
 892 | 0.989 | 0.992 | 0.000 | 11.305 |   7 |   5 |  __ |     __ |      __ |       __ | 
 893 | 0.437 | 0.444 | 0.010 | 11.315 |   7 |   5 |  __ |     __ |      __ |       __ | 
 894 | 0.621 | 0.821 | 0.006 | 11.321 |   7 |   5 |  __ |     __ |      __ |       __ | 
 895 | 0.533 | 0.466 | 0.008 | 11.328 |   7 |   5 |  __ |     __ |      __ |       __ | 
 896 | 0.377 | 0.200 | 0.012 | 11.340 |   7 |   4 |   6 | 11.539 | 0.26800 | 11.80723 | 
 897 | 0.999 | 0.825 | 0.000 | 11.340 |   7 |   5 |  __ |     __ |      __ |       __ | 
 898 | 0.609 | 0.686 | 0.006 | 11.346 |   7 |   4 |   1 | 11.556 | 0.06279 | 11.61863 | 
 899 | 0.492 | 0.863 | 0.009 | 11.355 |   7 |   5 |  __ |     __ |      __ |       __ | 
 900 | 0.594 | 0.747 | 0.006 | 11.361 |   7 |   5 |  __ |     __ |      __ |       __ | 
 901 | 0.414 | 0.474 | 0.011 | 11.372 |   7 |   5 |  __ |     __ |      __ |       __ | 
 902 | 0.691 | 0.772 | 0.005 | 11.377 |   7 |   5 |  __ |     __ |      __ |       __ | 
 903 | 0.792 | 0.233 | 0.003 | 11.379 |   7 |   5 |  __ |     __ |      __ |       __ | 
 904 | 0.059 | 0.830 | 0.034 | 11.414 |   7 |   5 |  __ |     __ |      __ |       __ | 
 905 | 0.820 | 0.789 | 0.002 | 11.416 |   7 |   5 |  __ |     __ |      __ |       __ | 
 906 | 0.944 | 0.057 | 0.001 | 11.417 |   7 |   5 |  __ |     __ |      __ |       __ | 
 907 | 0.314 | 0.815 | 0.014 | 11.431 |   7 |   5 |  __ |     __ |      __ |       __ | 
 908 | 0.662 | 0.074 | 0.005 | 11.436 |   7 |   5 |  __ |     __ |      __ |       __ | 
 909 | 0.784 | 0.591 | 0.003 | 11.439 |   7 |   5 |  __ |     __ |      __ |       __ | 
 910 | 0.248 | 0.372 | 0.017 | 11.456 |   7 |   5 |  __ |     __ |      __ |       __ | 
 911 | 0.396 | 0.917 | 0.011 | 11.467 |   7 |   5 |  __ |     __ |      __ |       __ | 
 912 | 0.093 | 0.298 | 0.029 | 11.496 |   7 |   4 |   3 | 11.558 | 0.20167 | 11.75919 | 
 913 | 0.989 | 0.967 | 0.000 | 11.497 |   7 |   5 |  __ |     __ |      __ |       __ | 
 914 | 0.932 | 0.188 | 0.001 | 11.497 |   7 |   5 |  __ |     __ |      __ |       __ | 
 915 | 0.569 | 0.269 | 0.007 | 11.504 |   7 |   4 |   7 | 11.562 | 0.21902 | 11.78124 | 
 916 | 0.251 | 0.758 | 0.017 | 11.521 |   7 |   5 |  __ |     __ |      __ |       __ | 
 917 | 0.815 | 0.412 | 0.002 | 11.524 |   7 |   5 |  __ |     __ |      __ |       __ | 
 918 | 0.854 | 0.047 | 0.002 | 11.526 |   7 |   5 |  __ |     __ |      __ |       __ | 
 919 | 0.755 | 0.937 | 0.003 | 11.529 |   7 |   5 |  __ |     __ |      __ |       __ | 
 920 | 0.848 | 0.074 | 0.002 | 11.531 |   7 |   4 |   1 | 11.619 | 0.43284 | 12.05147 | 
 921 | 0.466 | 0.699 | 0.009 | 11.540 |   7 |   4 |   2 | 11.657 | 0.05978 | 11.71690 | 
 922 | 0.691 | 0.912 | 0.005 | 11.545 |   7 |   5 |  __ |     __ |      __ |       __ | 
 923 | 0.682 | 0.018 | 0.005 | 11.549 |   7 |   5 |  __ |     __ |      __ |       __ | 
 924 | 0.490 | 0.124 | 0.009 | 11.558 |   7 |   3 |   5 | 11.658 | 0.34800 | 12.00611 | 
 925 | 0.779 | 0.978 | 0.003 | 11.561 |   7 |   4 |   2 | 11.717 | 0.00370 | 11.72060 | 
 926 | 0.022 | 0.231 | 0.046 | 11.607 |   7 |   4 |   2 | 11.721 | 0.24458 | 11.96518 | 
 927 | 0.526 | 0.954 | 0.008 | 11.615 |   7 |   5 |  __ |     __ |      __ |       __ | 
 928 | 0.551 | 0.015 | 0.007 | 11.623 |   7 |   4 |   3 | 11.759 | 0.69676 | 12.45595 | 
 929 | 0.586 | 0.212 | 0.007 | 11.629 |   7 |   5 |  __ |     __ |      __ |       __ | 
 930 | 0.741 | 0.855 | 0.004 | 11.633 |   7 |   5 |  __ |     __ |      __ |       __ | 
 931 | 1.000 | 0.672 | 0.000 | 11.633 |   7 |   5 |  __ |     __ |      __ |       __ | 
 932 | 0.365 | 0.763 | 0.012 | 11.645 |   7 |   5 |  __ |     __ |      __ |       __ | 
 933 | 0.468 | 0.350 | 0.009 | 11.654 |   7 |   5 |  __ |     __ |      __ |       __ | 
 934 | 0.496 | 0.133 | 0.009 | 11.663 |   7 |   3 |   7 | 11.781 | 0.33604 | 12.11729 | 
 935 | 0.363 | 0.862 | 0.012 | 11.675 |   7 |   4 |   6 | 11.807 | 0.02475 | 11.83198 | 
 936 | 0.769 | 0.040 | 0.003 | 11.678 |   7 |   5 |  __ |     __ |      __ |       __ | 
 937 | 0.727 | 0.261 | 0.004 | 11.682 |   7 |   5 |  __ |     __ |      __ |       __ | 
 938 | 0.755 | 0.817 | 0.003 | 11.686 |   7 |   5 |  __ |     __ |      __ |       __ | 
 939 | 0.318 | 0.199 | 0.014 | 11.700 |   7 |   5 |  __ |     __ |      __ |       __ | 
 940 | 0.082 | 0.715 | 0.030 | 11.730 |   7 |   3 |   6 | 11.832 | 0.05599 | 11.88797 | 
 941 | 0.386 | 0.413 | 0.012 | 11.742 |   7 |   4 |   4 | 11.845 | 0.14758 | 11.99243 | 
 942 | 0.983 | 0.993 | 0.000 | 11.742 |   7 |   5 |  __ |     __ |      __ |       __ | 
 943 | 0.337 | 0.703 | 0.013 | 11.755 |   7 |   5 |  __ |     __ |      __ |       __ | 
 944 | 0.032 | 0.213 | 0.042 | 11.797 |   7 |   3 |   6 | 11.888 | 0.25756 | 12.14553 | 
 945 | 0.191 | 0.300 | 0.020 | 11.818 |   7 |   3 |   2 | 11.965 | 0.20058 | 12.16576 | 
 946 | 0.310 | 0.640 | 0.014 | 11.832 |   7 |   4 |   4 | 11.992 | 0.07430 | 12.06673 | 
 947 | 0.311 | 0.881 | 0.014 | 11.846 |   7 |   3 |   5 | 12.006 | 0.02120 | 12.02731 | 
 948 | 0.017 | 0.570 | 0.050 | 11.896 |   7 |   3 |   5 | 12.027 | 0.09363 | 12.12095 | 
 949 | 0.858 | 0.627 | 0.002 | 11.898 |   7 |   4 |   1 | 12.051 | 0.07783 | 12.12930 | 
 950 | 0.995 | 0.366 | 0.000 | 11.898 |   7 |   5 |  __ |     __ |      __ |       __ | 
 951 | 0.676 | 0.744 | 0.005 | 11.903 |   7 |   5 |  __ |     __ |      __ |       __ | 
 952 | 0.081 | 0.857 | 0.031 | 11.933 |   7 |   5 |  __ |     __ |      __ |       __ | 
 953 | 0.427 | 0.233 | 0.010 | 11.944 |   7 |   5 |  __ |     __ |      __ |       __ | 
 954 | 0.368 | 0.889 | 0.012 | 11.956 |   7 |   5 |  __ |     __ |      __ |       __ | 
 955 | 0.037 | 0.995 | 0.040 | 11.996 |   7 |   3 |   4 | 12.067 | 0.00089 | 12.06762 | 
 956 | 0.364 | 0.016 | 0.012 | 12.009 |   7 |   3 |   4 | 12.068 | 0.68582 | 12.75344 | 
 957 | 0.417 | 0.223 | 0.011 | 12.019 |   7 |   4 |   7 | 12.117 | 0.24987 | 12.36716 | 
 958 | 0.117 | 0.357 | 0.026 | 12.045 |   7 |   4 |   5 | 12.121 | 0.17157 | 12.29251 | 
 959 | 0.485 | 0.477 | 0.009 | 12.054 |   7 |   4 |   1 | 12.129 | 0.12330 | 12.25260 | 
 960 | 0.747 | 0.081 | 0.004 | 12.058 |   7 |   5 |  __ |     __ |      __ |       __ | 
 961 | 0.177 | 0.162 | 0.021 | 12.079 |   7 |   3 |   6 | 12.146 | 0.30327 | 12.44881 | 
 962 | 0.352 | 0.933 | 0.013 | 12.092 |   7 |   4 |   2 | 12.166 | 0.01152 | 12.17728 | 
 963 | 0.908 | 0.907 | 0.001 | 12.093 |   7 |   5 |  __ |     __ |      __ |       __ | 
 964 | 0.909 | 0.207 | 0.001 | 12.094 |   7 |   5 |  __ |     __ |      __ |       __ | 
 965 | 0.496 | 0.280 | 0.009 | 12.102 |   7 |   5 |  __ |     __ |      __ |       __ | 
 966 | 0.712 | 0.063 | 0.004 | 12.107 |   7 |   5 |  __ |     __ |      __ |       __ | 
 967 | 0.716 | 0.316 | 0.004 | 12.111 |   7 |   5 |  __ |     __ |      __ |       __ | 
 968 | 0.597 | 0.824 | 0.006 | 12.117 |   7 |   5 |  __ |     __ |      __ |       __ | 
 969 | 0.320 | 0.139 | 0.014 | 12.131 |   7 |   2 |   2 | 12.177 | 0.32923 | 12.50651 | 
 970 | 0.253 | 0.735 | 0.017 | 12.148 |   7 |   2 |   1 | 12.253 | 0.05135 | 12.30395 | 
 971 | 0.781 | 0.239 | 0.003 | 12.151 |   7 |   3 |   5 | 12.293 | 0.23885 | 12.53137 | 
 972 | 0.222 | 0.913 | 0.018 | 12.169 |   7 |   3 |   1 | 12.304 | 0.01511 | 12.31906 | 
 973 | 0.622 | 0.860 | 0.006 | 12.175 |   7 |   4 |   1 | 12.319 | 0.02520 | 12.34426 | 
 974 | 0.671 | 0.234 | 0.005 | 12.180 |   7 |   4 |   1 | 12.344 | 0.24217 | 12.58643 | 
 975 | 0.395 | 0.839 | 0.011 | 12.191 |   7 |   5 |  __ |     __ |      __ |       __ | 
 976 | 0.939 | 0.282 | 0.001 | 12.192 |   7 |   5 |  __ |     __ |      __ |       __ | 
 977 | 0.832 | 0.086 | 0.002 | 12.194 |   7 |   5 |  __ |     __ |      __ |       __ | 
 978 | 0.018 | 0.026 | 0.049 | 12.243 |   7 |   5 |  __ |     __ |      __ |       __ | 
 979 | 0.008 | 0.143 | 0.058 | 12.302 |   7 |   3 |   7 | 12.367 | 0.32382 | 12.69098 | 
 980 | 0.185 | 0.357 | 0.021 | 12.322 |   7 |   2 |   6 | 12.449 | 0.17188 | 12.62069 | 
 981 | 0.749 | 0.706 | 0.004 | 12.326 |   7 |   3 |   3 | 12.456 | 0.05791 | 12.51386 | 
 982 | 0.159 | 0.817 | 0.022 | 12.348 |   7 |   3 |   2 | 12.507 | 0.03370 | 12.54021 | 
 983 | 0.173 | 0.605 | 0.021 | 12.370 |   7 |   3 |   3 | 12.514 | 0.08371 | 12.59757 | 
 984 | 0.430 | 0.393 | 0.010 | 12.380 |   7 |   4 |   5 | 12.531 | 0.15551 | 12.68688 | 
 985 | 0.784 | 0.688 | 0.003 | 12.383 |   7 |   5 |  __ |     __ |      __ |       __ | 
 986 | 0.015 | 0.116 | 0.051 | 12.434 |   7 |   5 |  __ |     __ |      __ |       __ | 
 987 | 0.817 | 0.013 | 0.002 | 12.436 |   7 |   5 |  __ |     __ |      __ |       __ | 
 988 | 0.815 | 0.421 | 0.002 | 12.439 |   7 |   5 |  __ |     __ |      __ |       __ | 
 989 | 0.252 | 0.239 | 0.017 | 12.456 |   7 |   4 |   2 | 12.540 | 0.23843 | 12.77863 | 
 990 | 0.372 | 0.307 | 0.012 | 12.468 |   7 |   4 |   1 | 12.586 | 0.19686 | 12.78328 | 
 991 | 0.424 | 0.540 | 0.010 | 12.478 |   7 |   5 |  __ |     __ |      __ |       __ | 
 992 | 0.996 | 0.467 | 0.000 | 12.478 |   7 |   5 |  __ |     __ |      __ |       __ | 
 993 | 0.105 | 0.860 | 0.027 | 12.506 |   7 |   5 |  __ |     __ |      __ |       __ | 
 994 | 0.894 | 0.975 | 0.001 | 12.507 |   7 |   4 |   3 | 12.598 | 0.00419 | 12.60177 | 
 995 | 0.275 | 0.469 | 0.016 | 12.523 |   7 |   4 |   3 | 12.602 | 0.12624 | 12.72801 | 
 996 | 0.424 | 0.501 | 0.010 | 12.533 |   7 |   4 |   6 | 12.621 | 0.11518 | 12.73587 | 
 997 | 0.810 | 0.198 | 0.003 | 12.536 |   7 |   5 |  __ |     __ |      __ |       __ | 
 998 | 0.281 | 0.334 | 0.015 | 12.551 |   7 |   4 |   5 | 12.687 | 0.18300 | 12.86988 | 
 999 | 0.474 | 0.548 | 0.009 | 12.560 |   7 |   5 |  __ |     __ |      __ |       __ | 
1000 | 0.313 | 0.638 | 0.014 | 12.575 |   7 |   5 |  __ |     __ |      __ |       __ | 
